<defs>
  <!-- ============================================================
       HARD FIVE LINK SYMBOLS. Phone units: stock d = 6 px. Flat stud link ~37 x 22, opening ~25 x 10.
       Every link is a <use>. Parameters ride in as CSS custom properties on the <use> (they inherit into the symbol):
         --i1 --i2 --i3   iron tones: deep / body / crown highlight   (your run 1C/3B/7A, other runs 2A/4A/8A)
         --rust 0..1      rust bloom opacity (hole corners, fillets, undersides)   --polish 0..1  wear at the crowns
         --paint --pa     boatswain's paint colour and 0/1 switch (85% tinted overlay; shading reads through)
         --turns 0..5     seizing-wire turns on the marker link (lines across the top bar by the left crown)
         --jaw            lap link gate: -38deg sprung open, 0deg closed (animate this; cubic-bezier(.2,.9,.3,1.15) 180ms).
                          The gate is the piece of the C from the stud along the top bar and round the right crown; it is
                          hinged on the crown at -40deg and swings up off the stud, so the gap opens at the stud and the
                          deck shows through it. Hinge coordinates ride in as --hx/--hy set inside the symbol.
       Per-instance variety is the transform on the <use>: rotate 2-6 deg, drift y 1-3 px, and which roll symbol.
       Light: one key upper-left, ~50 deg elevation. Highlight a third in from the lit edge, terminator lower-right,
       reflected light from the deck as a hairline on the far edge. No outline strokes anywhere on iron.
       Deck shadows: a second <use> of the sil-* silhouette in the shadow group, with the sun's shear
       matrix(1,0,K,K,K*z0,K*z0): K = cot(altitude)/sqrt2 (0.5 at 13:00), z0 the link's height off the deck.
       ============================================================ -->
  <pattern id="rustPat" patternUnits="userSpaceOnUse" width="14" height="14">
    <rect width="14" height="14" fill="#6b3f26"/>
    <path d="M1,2 q3,-2 5,1 q-1,3 -4,2.6z M8,7 q3,-2 5,1 q-1,3 -4,2.6z M3,9 q2,-1 3.6,1 q-.6,2.4 -3,2z M9,1 q2.4,-.4 3,1.6 q-1.6,1.4 -3,.4z" fill="#8a5a33"/>
    <path d="M6,4 q2,-.6 2.6,1.4 q-1.4,1.2 -2.6,.2z M11,10 q1.6,-.6 2.4,1 q-1.2,1.4 -2.4,.6z M1,12 q1.4,-.8 2.4,.6 q-1,1 -2.4,.4z" fill="#a3703f"/>
    <path d="M4,6 q1.4,0 1.6,1.2 q-1,.8 -1.8,0z M10,4 q1,0 1.4,1 q-.8,1 -1.6,.2z" fill="#4c2c1a"/>
  </pattern>
  <linearGradient id="gTipL" gradientUnits="userSpaceOnUse" x1="-18" y1="0" x2="-13" y2="0">
    <stop offset="0" stop-color="#000" stop-opacity=".55"/><stop offset="1" stop-color="#000" stop-opacity="0"/></linearGradient>
  <linearGradient id="gTipR" gradientUnits="userSpaceOnUse" x1="18" y1="0" x2="13" y2="0">
    <stop offset="0" stop-color="#000" stop-opacity=".6"/><stop offset="1" stop-color="#000" stop-opacity="0"/></linearGradient>
  <!-- mottle tile for the per-link tonal break-up: baked from feTurbulence at load into this pattern (deck-space, so no two links share it) -->
  <pattern id="mottle" patternUnits="userSpaceOnUse" width="96" height="96"><rect width="96" height="96" fill="#808080"/></pattern>
  <clipPath id="cpR100" clip-rule="evenodd"><path d="M-6.86,-10.98 -6.12,-11.14 -5.1,-11.31 -4.08,-11.45 -3.06,-11.56 -2.04,-11.64 -1.02,-11.68 0,-11.7 1.02,-11.68 2.04,-11.64 3.06,-11.56 4.08,-11.45 5.1,-11.31 6.12,-11.14 6.86,-10.98 7.91,-10.92 9.3,-10.7 10.65,-10.32 11.95,-9.8 13.18,-9.14 14.32,-8.35 15.36,-7.42 16.28,-6.38 17.05,-5.24 17.67,-4.01 18.13,-2.72 18.41,-1.37 18.5,0 18.41,1.37 18.13,2.72 17.67,4.01 17.05,5.24 16.28,6.38 15.36,7.42 14.32,8.35 13.18,9.14 11.95,9.8 10.65,10.32 9.3,10.7 7.91,10.92 6.86,10.98 6.12,11.14 5.1,11.31 4.08,11.45 3.06,11.56 2.04,11.64 1.02,11.68 0,11.7 -1.02,11.68 -2.04,11.64 -3.06,11.56 -4.08,11.45 -5.1,11.31 -6.12,11.14 -6.86,10.98 -7.91,10.92 -9.3,10.7 -10.65,10.32 -11.95,9.8 -13.18,9.14 -14.32,8.35 -15.36,7.42 -16.28,6.38 -17.05,5.24 -17.67,4.01 -18.13,2.72 -18.41,1.37 -18.5,0 -18.41,-1.37 -18.13,-2.72 -17.67,-4.01 -17.05,-5.24 -16.28,-6.38 -15.36,-7.42 -14.32,-8.35 -13.18,-9.14 -11.95,-9.8 -10.65,-10.32 -9.3,-10.7 -7.91,-10.92Z M-6.14,-5.02 -5.03,-5.24 -4.19,-5.38 -3.35,-5.49 -2.51,-5.58 -1.67,-5.65 -0.84,-5.69 0,-5.7 0.84,-5.69 1.67,-5.65 2.51,-5.58 3.35,-5.49 4.19,-5.38 5.03,-5.24 6.14,-5.02 7.26,-4.96 8.01,-4.84 8.73,-4.64 9.41,-4.36 10.04,-4.03 10.61,-3.63 11.11,-3.19 11.54,-2.7 11.89,-2.19 12.16,-1.66 12.35,-1.11 12.46,-0.56 12.5,0 12.46,0.56 12.35,1.11 12.16,1.66 11.89,2.19 11.54,2.7 11.11,3.19 10.61,3.63 10.04,4.03 9.41,4.36 8.73,4.64 8.01,4.84 7.26,4.96 6.14,5.02 5.03,5.24 4.19,5.38 3.35,5.49 2.51,5.58 1.67,5.65 0.84,5.69 0,5.7 -0.84,5.69 -1.67,5.65 -2.51,5.58 -3.35,5.49 -4.19,5.38 -5.03,5.24 -6.14,5.02 -7.26,4.96 -8.01,4.84 -8.73,4.64 -9.41,4.36 -10.04,4.03 -10.61,3.63 -11.11,3.19 -11.54,2.7 -11.89,2.19 -12.16,1.66 -12.35,1.11 -12.46,0.56 -12.5,0 -12.46,-0.56 -12.35,-1.11 -12.16,-1.66 -11.89,-2.19 -11.54,-2.7 -11.11,-3.19 -10.61,-3.63 -10.04,-4.03 -9.41,-4.36 -8.73,-4.64 -8.01,-4.84 -7.26,-4.96Z" clip-rule="evenodd"/></clipPath>
  <clipPath id="cpS100"><path d="M-2.4,-2.8 C-2.4,-4.4 -3.9,-4.7 -3.9,-5.8 H3.9 C3.9,-4.7 2.4,-4.4 2.4,-2.8 V2.8 C2.4,4.4 3.9,4.7 3.9,5.8 H-3.9 C-3.9,4.7 -2.4,4.4 -2.4,2.8Z"/></clipPath>
  <clipPath id="cpR75" clip-rule="evenodd"><path d="M-6.77,-8.99 -5.98,-9.11 -4.99,-9.24 -3.99,-9.34 -2.99,-9.42 -2,-9.48 -1,-9.51 0,-9.52 1,-9.51 2,-9.48 2.99,-9.42 3.99,-9.34 4.99,-9.24 5.98,-9.11 6.77,-8.99 7.83,-8.95 9.14,-8.79 10.43,-8.52 11.67,-8.14 12.87,-7.66 13.99,-7.07 15.04,-6.38 15.99,-5.57 16.83,-4.64 17.52,-3.61 18.05,-2.48 18.39,-1.26 18.5,0 18.39,1.26 18.05,2.48 17.52,3.61 16.83,4.64 15.99,5.57 15.04,6.38 13.99,7.07 12.87,7.66 11.67,8.14 10.43,8.52 9.14,8.79 7.83,8.95 6.77,8.99 5.98,9.11 4.99,9.24 3.99,9.34 2.99,9.42 2,9.48 1,9.51 0,9.52 -1,9.51 -2,9.48 -2.99,9.42 -3.99,9.34 -4.99,9.24 -5.98,9.11 -6.77,8.99 -7.83,8.95 -9.14,8.79 -10.43,8.52 -11.67,8.14 -12.87,7.66 -13.99,7.07 -15.04,6.38 -15.99,5.57 -16.83,4.64 -17.52,3.61 -18.05,2.48 -18.39,1.26 -18.5,0 -18.39,-1.26 -18.05,-2.48 -17.52,-3.61 -16.83,-4.64 -15.99,-5.57 -15.04,-6.38 -13.99,-7.07 -12.87,-7.66 -11.67,-8.14 -10.43,-8.52 -9.14,-8.79 -7.83,-8.95Z M-6.23,-3.01 -5.16,-3.17 -4.3,-3.28 -3.44,-3.37 -2.58,-3.44 -1.72,-3.49 -0.86,-3.52 0,-3.52 0.86,-3.52 1.72,-3.49 2.58,-3.44 3.44,-3.37 4.3,-3.28 5.16,-3.17 6.23,-3.01 7.34,-2.97 8.17,-2.87 8.96,-2.7 9.69,-2.48 10.36,-2.21 10.94,-1.91 11.43,-1.58 11.82,-1.25 12.11,-0.93 12.31,-0.64 12.42,-0.4 12.48,-0.19 12.5,0 12.48,0.19 12.42,0.4 12.31,0.64 12.11,0.93 11.82,1.25 11.43,1.58 10.94,1.91 10.36,2.21 9.69,2.48 8.96,2.7 8.17,2.87 7.34,2.97 6.23,3.01 5.16,3.17 4.3,3.28 3.44,3.37 2.58,3.44 1.72,3.49 0.86,3.52 0,3.52 -0.86,3.52 -1.72,3.49 -2.58,3.44 -3.44,3.37 -4.3,3.28 -5.16,3.17 -6.23,3.01 -7.34,2.97 -8.17,2.87 -8.96,2.7 -9.69,2.48 -10.36,2.21 -10.94,1.91 -11.43,1.58 -11.82,1.25 -12.11,0.93 -12.31,0.64 -12.42,0.4 -12.48,0.19 -12.5,0 -12.48,-0.19 -12.42,-0.4 -12.31,-0.64 -12.11,-0.93 -11.82,-1.25 -11.43,-1.58 -10.94,-1.91 -10.36,-2.21 -9.69,-2.48 -8.96,-2.7 -8.17,-2.87 -7.34,-2.97Z" clip-rule="evenodd"/></clipPath>
  <clipPath id="cpS75"><path d="M-2.4,-0.8 C-2.4,-2.4 -3.9,-2.7 -3.9,-3.8 H3.9 C3.9,-2.7 2.4,-2.4 2.4,-0.8 V0.8 C2.4,2.4 3.9,2.7 3.9,3.8 H-3.9 C-3.9,2.7 -2.4,2.4 -2.4,0.8Z"/></clipPath>
  <clipPath id="cpE"><path d="M-14.5,-3 L-4,-3 Q-2.4,-3.7 0,-3.7 Q2.4,-3.7 4,-3 L14.5,-3 A3.0,3.0 0 0 1 14.5,3 L4,3 Q2.4,3.7 0,3.7 Q-2.4,3.7 -4,3 L-14.5,3 A3.0,3.0 0 0 1 -14.5,-3Z"/></clipPath>
  <symbol id="sil-flat" overflow="visible"><path d="M-6.86,-10.98 -6.12,-11.14 -5.1,-11.31 -4.08,-11.45 -3.06,-11.56 -2.04,-11.64 -1.02,-11.68 0,-11.7 1.02,-11.68 2.04,-11.64 3.06,-11.56 4.08,-11.45 5.1,-11.31 6.12,-11.14 6.86,-10.98 7.91,-10.92 9.3,-10.7 10.65,-10.32 11.95,-9.8 13.18,-9.14 14.32,-8.35 15.36,-7.42 16.28,-6.38 17.05,-5.24 17.67,-4.01 18.13,-2.72 18.41,-1.37 18.5,0 18.41,1.37 18.13,2.72 17.67,4.01 17.05,5.24 16.28,6.38 15.36,7.42 14.32,8.35 13.18,9.14 11.95,9.8 10.65,10.32 9.3,10.7 7.91,10.92 6.86,10.98 6.12,11.14 5.1,11.31 4.08,11.45 3.06,11.56 2.04,11.64 1.02,11.68 0,11.7 -1.02,11.68 -2.04,11.64 -3.06,11.56 -4.08,11.45 -5.1,11.31 -6.12,11.14 -6.86,10.98 -7.91,10.92 -9.3,10.7 -10.65,10.32 -11.95,9.8 -13.18,9.14 -14.32,8.35 -15.36,7.42 -16.28,6.38 -17.05,5.24 -17.67,4.01 -18.13,2.72 -18.41,1.37 -18.5,0 -18.41,-1.37 -18.13,-2.72 -17.67,-4.01 -17.05,-5.24 -16.28,-6.38 -15.36,-7.42 -14.32,-8.35 -13.18,-9.14 -11.95,-9.8 -10.65,-10.32 -9.3,-10.7 -7.91,-10.92Z M-6.14,-5.02 -5.03,-5.24 -4.19,-5.38 -3.35,-5.49 -2.51,-5.58 -1.67,-5.65 -0.84,-5.69 0,-5.7 0.84,-5.69 1.67,-5.65 2.51,-5.58 3.35,-5.49 4.19,-5.38 5.03,-5.24 6.14,-5.02 7.26,-4.96 8.01,-4.84 8.73,-4.64 9.41,-4.36 10.04,-4.03 10.61,-3.63 11.11,-3.19 11.54,-2.7 11.89,-2.19 12.16,-1.66 12.35,-1.11 12.46,-0.56 12.5,0 12.46,0.56 12.35,1.11 12.16,1.66 11.89,2.19 11.54,2.7 11.11,3.19 10.61,3.63 10.04,4.03 9.41,4.36 8.73,4.64 8.01,4.84 7.26,4.96 6.14,5.02 5.03,5.24 4.19,5.38 3.35,5.49 2.51,5.58 1.67,5.65 0.84,5.69 0,5.7 -0.84,5.69 -1.67,5.65 -2.51,5.58 -3.35,5.49 -4.19,5.38 -5.03,5.24 -6.14,5.02 -7.26,4.96 -8.01,4.84 -8.73,4.64 -9.41,4.36 -10.04,4.03 -10.61,3.63 -11.11,3.19 -11.54,2.7 -11.89,2.19 -12.16,1.66 -12.35,1.11 -12.46,0.56 -12.5,0 -12.46,-0.56 -12.35,-1.11 -12.16,-1.66 -11.89,-2.19 -11.54,-2.7 -11.11,-3.19 -10.61,-3.63 -10.04,-4.03 -9.41,-4.36 -8.73,-4.64 -8.01,-4.84 -7.26,-4.96Z" fill-rule="evenodd"/></symbol>
  <symbol id="sil-roll" overflow="visible"><path d="M-6.77,-8.99 -5.98,-9.11 -4.99,-9.24 -3.99,-9.34 -2.99,-9.42 -2,-9.48 -1,-9.51 0,-9.52 1,-9.51 2,-9.48 2.99,-9.42 3.99,-9.34 4.99,-9.24 5.98,-9.11 6.77,-8.99 7.83,-8.95 9.14,-8.79 10.43,-8.52 11.67,-8.14 12.87,-7.66 13.99,-7.07 15.04,-6.38 15.99,-5.57 16.83,-4.64 17.52,-3.61 18.05,-2.48 18.39,-1.26 18.5,0 18.39,1.26 18.05,2.48 17.52,3.61 16.83,4.64 15.99,5.57 15.04,6.38 13.99,7.07 12.87,7.66 11.67,8.14 10.43,8.52 9.14,8.79 7.83,8.95 6.77,8.99 5.98,9.11 4.99,9.24 3.99,9.34 2.99,9.42 2,9.48 1,9.51 0,9.52 -1,9.51 -2,9.48 -2.99,9.42 -3.99,9.34 -4.99,9.24 -5.98,9.11 -6.77,8.99 -7.83,8.95 -9.14,8.79 -10.43,8.52 -11.67,8.14 -12.87,7.66 -13.99,7.07 -15.04,6.38 -15.99,5.57 -16.83,4.64 -17.52,3.61 -18.05,2.48 -18.39,1.26 -18.5,0 -18.39,-1.26 -18.05,-2.48 -17.52,-3.61 -16.83,-4.64 -15.99,-5.57 -15.04,-6.38 -13.99,-7.07 -12.87,-7.66 -11.67,-8.14 -10.43,-8.52 -9.14,-8.79 -7.83,-8.95Z M-6.23,-3.01 -5.16,-3.17 -4.3,-3.28 -3.44,-3.37 -2.58,-3.44 -1.72,-3.49 -0.86,-3.52 0,-3.52 0.86,-3.52 1.72,-3.49 2.58,-3.44 3.44,-3.37 4.3,-3.28 5.16,-3.17 6.23,-3.01 7.34,-2.97 8.17,-2.87 8.96,-2.7 9.69,-2.48 10.36,-2.21 10.94,-1.91 11.43,-1.58 11.82,-1.25 12.11,-0.93 12.31,-0.64 12.42,-0.4 12.48,-0.19 12.5,0 12.48,0.19 12.42,0.4 12.31,0.64 12.11,0.93 11.82,1.25 11.43,1.58 10.94,1.91 10.36,2.21 9.69,2.48 8.96,2.7 8.17,2.87 7.34,2.97 6.23,3.01 5.16,3.17 4.3,3.28 3.44,3.37 2.58,3.44 1.72,3.49 0.86,3.52 0,3.52 -0.86,3.52 -1.72,3.49 -2.58,3.44 -3.44,3.37 -4.3,3.28 -5.16,3.17 -6.23,3.01 -7.34,2.97 -8.17,2.87 -8.96,2.7 -9.69,2.48 -10.36,2.21 -10.94,1.91 -11.43,1.58 -11.82,1.25 -12.11,0.93 -12.31,0.64 -12.42,0.4 -12.48,0.19 -12.5,0 -12.48,-0.19 -12.42,-0.4 -12.31,-0.64 -12.11,-0.93 -11.82,-1.25 -11.43,-1.58 -10.94,-1.91 -10.36,-2.21 -9.69,-2.48 -8.96,-2.7 -8.17,-2.87 -7.34,-2.97Z" fill-rule="evenodd"/></symbol>
  <symbol id="sil-edge" overflow="visible"><path d="M-14.5,-3 L-4,-3 Q-2.4,-3.7 0,-3.7 Q2.4,-3.7 4,-3 L14.5,-3 A3.0,3.0 0 0 1 14.5,3 L4,3 Q2.4,3.7 0,3.7 Q-2.4,3.7 -4,3 L-14.5,3 A3.0,3.0 0 0 1 -14.5,-3Z"/></symbol>
  <!-- closed flat stud link (also the painted marker: set --paint, --pa:1, --turns). -->
  <symbol id="lk-flat" overflow="visible">
    <path d="M-6.86,-10.98 -6.12,-11.14 -5.1,-11.31 -4.08,-11.45 -3.06,-11.56 -2.04,-11.64 -1.02,-11.68 0,-11.7 1.02,-11.68 2.04,-11.64 3.06,-11.56 4.08,-11.45 5.1,-11.31 6.12,-11.14 6.86,-10.98 7.91,-10.92 9.3,-10.7 10.65,-10.32 11.95,-9.8 13.18,-9.14 14.32,-8.35 15.36,-7.42 16.28,-6.38 17.05,-5.24 17.67,-4.01 18.13,-2.72 18.41,-1.37 18.5,0 18.41,1.37 18.13,2.72 17.67,4.01 17.05,5.24 16.28,6.38 15.36,7.42 14.32,8.35 13.18,9.14 11.95,9.8 10.65,10.32 9.3,10.7 7.91,10.92 6.86,10.98 6.12,11.14 5.1,11.31 4.08,11.45 3.06,11.56 2.04,11.64 1.02,11.68 0,11.7 -1.02,11.68 -2.04,11.64 -3.06,11.56 -4.08,11.45 -5.1,11.31 -6.12,11.14 -6.86,10.98 -7.91,10.92 -9.3,10.7 -10.65,10.32 -11.95,9.8 -13.18,9.14 -14.32,8.35 -15.36,7.42 -16.28,6.38 -17.05,5.24 -17.67,4.01 -18.13,2.72 -18.41,1.37 -18.5,0 -18.41,-1.37 -18.13,-2.72 -17.67,-4.01 -17.05,-5.24 -16.28,-6.38 -15.36,-7.42 -14.32,-8.35 -13.18,-9.14 -11.95,-9.8 -10.65,-10.32 -9.3,-10.7 -7.91,-10.92Z M-6.14,-5.02 -5.03,-5.24 -4.19,-5.38 -3.35,-5.49 -2.51,-5.58 -1.67,-5.65 -0.84,-5.69 0,-5.7 0.84,-5.69 1.67,-5.65 2.51,-5.58 3.35,-5.49 4.19,-5.38 5.03,-5.24 6.14,-5.02 7.26,-4.96 8.01,-4.84 8.73,-4.64 9.41,-4.36 10.04,-4.03 10.61,-3.63 11.11,-3.19 11.54,-2.7 11.89,-2.19 12.16,-1.66 12.35,-1.11 12.46,-0.56 12.5,0 12.46,0.56 12.35,1.11 12.16,1.66 11.89,2.19 11.54,2.7 11.11,3.19 10.61,3.63 10.04,4.03 9.41,4.36 8.73,4.64 8.01,4.84 7.26,4.96 6.14,5.02 5.03,5.24 4.19,5.38 3.35,5.49 2.51,5.58 1.67,5.65 0.84,5.69 0,5.7 -0.84,5.69 -1.67,5.65 -2.51,5.58 -3.35,5.49 -4.19,5.38 -5.03,5.24 -6.14,5.02 -7.26,4.96 -8.01,4.84 -8.73,4.64 -9.41,4.36 -10.04,4.03 -10.61,3.63 -11.11,3.19 -11.54,2.7 -11.89,2.19 -12.16,1.66 -12.35,1.11 -12.46,0.56 -12.5,0 -12.46,-0.56 -12.35,-1.11 -12.16,-1.66 -11.89,-2.19 -11.54,-2.7 -11.11,-3.19 -10.61,-3.63 -10.04,-4.03 -9.41,-4.36 -8.73,-4.64 -8.01,-4.84 -7.26,-4.96Z" fill="var(--i2)" fill-rule="evenodd"/>
    <path d="M-6.86,-10.98 -6.12,-11.14 -5.1,-11.31 -4.08,-11.45 -3.06,-11.56 -2.04,-11.64 -1.02,-11.68 0,-11.7 1.02,-11.68 2.04,-11.64 3.06,-11.56 4.08,-11.45 5.1,-11.31 6.12,-11.14 6.86,-10.98 7.91,-10.92 9.3,-10.7 10.65,-10.32 11.95,-9.8 13.18,-9.14 14.32,-8.35 15.36,-7.42 16.28,-6.38 17.05,-5.24 17.67,-4.01 18.13,-2.72 18.41,-1.37 18.5,0 18.41,1.37 18.13,2.72 17.67,4.01 17.05,5.24 16.28,6.38 15.36,7.42 14.32,8.35 13.18,9.14 11.95,9.8 10.65,10.32 9.3,10.7 7.91,10.92 6.86,10.98 6.12,11.14 5.1,11.31 4.08,11.45 3.06,11.56 2.04,11.64 1.02,11.68 0,11.7 -1.02,11.68 -2.04,11.64 -3.06,11.56 -4.08,11.45 -5.1,11.31 -6.12,11.14 -6.86,10.98 -7.91,10.92 -9.3,10.7 -10.65,10.32 -11.95,9.8 -13.18,9.14 -14.32,8.35 -15.36,7.42 -16.28,6.38 -17.05,5.24 -17.67,4.01 -18.13,2.72 -18.41,1.37 -18.5,0 -18.41,-1.37 -18.13,-2.72 -17.67,-4.01 -17.05,-5.24 -16.28,-6.38 -15.36,-7.42 -14.32,-8.35 -13.18,-9.14 -11.95,-9.8 -10.65,-10.32 -9.3,-10.7 -7.91,-10.92Z M-6.14,-5.02 -5.03,-5.24 -4.19,-5.38 -3.35,-5.49 -2.51,-5.58 -1.67,-5.65 -0.84,-5.69 0,-5.7 0.84,-5.69 1.67,-5.65 2.51,-5.58 3.35,-5.49 4.19,-5.38 5.03,-5.24 6.14,-5.02 7.26,-4.96 8.01,-4.84 8.73,-4.64 9.41,-4.36 10.04,-4.03 10.61,-3.63 11.11,-3.19 11.54,-2.7 11.89,-2.19 12.16,-1.66 12.35,-1.11 12.46,-0.56 12.5,0 12.46,0.56 12.35,1.11 12.16,1.66 11.89,2.19 11.54,2.7 11.11,3.19 10.61,3.63 10.04,4.03 9.41,4.36 8.73,4.64 8.01,4.84 7.26,4.96 6.14,5.02 5.03,5.24 4.19,5.38 3.35,5.49 2.51,5.58 1.67,5.65 0.84,5.69 0,5.7 -0.84,5.69 -1.67,5.65 -2.51,5.58 -3.35,5.49 -4.19,5.38 -5.03,5.24 -6.14,5.02 -7.26,4.96 -8.01,4.84 -8.73,4.64 -9.41,4.36 -10.04,4.03 -10.61,3.63 -11.11,3.19 -11.54,2.7 -11.89,2.19 -12.16,1.66 -12.35,1.11 -12.46,0.56 -12.5,0 -12.46,-0.56 -12.35,-1.11 -12.16,-1.66 -11.89,-2.19 -11.54,-2.7 -11.11,-3.19 -10.61,-3.63 -10.04,-4.03 -9.41,-4.36 -8.73,-4.64 -8.01,-4.84 -7.26,-4.96Z" fill="#6b4a30" fill-rule="evenodd" opacity=".1"/>
    <g clip-path="url(#cpR100)">
      <path d="M-6.5,-8 -5.57,-8.19 -4.64,-8.34 -3.71,-8.47 -2.79,-8.57 -1.86,-8.64 -0.93,-8.69 0,-8.7 0.93,-8.69 1.86,-8.64 2.79,-8.57 3.71,-8.47 4.64,-8.34 5.57,-8.19 6.5,-8 7.58,-7.94 8.65,-7.77 9.69,-7.48 10.68,-7.08 11.61,-6.58 12.47,-5.99 13.24,-5.3 13.91,-4.54 14.47,-3.72 14.92,-2.84 15.24,-1.91 15.43,-0.96 15.5,0 15.43,0.96 15.24,1.91 14.92,2.84 14.47,3.72 13.91,4.54 13.24,5.3 12.47,5.99 11.61,6.58 10.68,7.08 9.69,7.48 8.65,7.77 7.58,7.94 6.5,8 5.57,8.19 4.64,8.34 3.71,8.47 2.79,8.57 1.86,8.64 0.93,8.69 0,8.7 -0.93,8.69 -1.86,8.64 -2.79,8.57 -3.71,8.47 -4.64,8.34 -5.57,8.19 -6.5,8 -7.58,7.94 -8.65,7.77 -9.69,7.48 -10.68,7.08 -11.61,6.58 -12.47,5.99 -13.24,5.3 -13.91,4.54 -14.47,3.72 -14.92,2.84 -15.24,1.91 -15.43,0.96 -15.5,0 -15.43,-0.96 -15.24,-1.91 -14.92,-2.84 -14.47,-3.72 -13.91,-4.54 -13.24,-5.3 -12.47,-5.99 -11.61,-6.58 -10.68,-7.08 -9.69,-7.48 -8.65,-7.77 -7.58,-7.94Z" fill="none" stroke="var(--i1)" stroke-width="3" transform="translate(1.35,1.35)" opacity=".95"/>
      <path d="M-6.5,-8 -5.57,-8.19 -4.64,-8.34 -3.71,-8.47 -2.79,-8.57 -1.86,-8.64 -0.93,-8.69 0,-8.7 0.93,-8.69 1.86,-8.64 2.79,-8.57 3.71,-8.47 4.64,-8.34 5.57,-8.19 6.5,-8 7.58,-7.94 8.65,-7.77 9.69,-7.48 10.68,-7.08 11.61,-6.58 12.47,-5.99 13.24,-5.3 13.91,-4.54 14.47,-3.72 14.92,-2.84 15.24,-1.91 15.43,-0.96 15.5,0 15.43,0.96 15.24,1.91 14.92,2.84 14.47,3.72 13.91,4.54 13.24,5.3 12.47,5.99 11.61,6.58 10.68,7.08 9.69,7.48 8.65,7.77 7.58,7.94 6.5,8 5.57,8.19 4.64,8.34 3.71,8.47 2.79,8.57 1.86,8.64 0.93,8.69 0,8.7 -0.93,8.69 -1.86,8.64 -2.79,8.57 -3.71,8.47 -4.64,8.34 -5.57,8.19 -6.5,8 -7.58,7.94 -8.65,7.77 -9.69,7.48 -10.68,7.08 -11.61,6.58 -12.47,5.99 -13.24,5.3 -13.91,4.54 -14.47,3.72 -14.92,2.84 -15.24,1.91 -15.43,0.96 -15.5,0 -15.43,-0.96 -15.24,-1.91 -14.92,-2.84 -14.47,-3.72 -13.91,-4.54 -13.24,-5.3 -12.47,-5.99 -11.61,-6.58 -10.68,-7.08 -9.69,-7.48 -8.65,-7.77 -7.58,-7.94Z" fill="none" stroke="#0b0907" stroke-width="1.6" transform="translate(2.1,2.1)" opacity=".55"/>
      <path d="M-6.5,-8 -5.57,-8.19 -4.64,-8.34 -3.71,-8.47 -2.79,-8.57 -1.86,-8.64 -0.93,-8.69 0,-8.7 0.93,-8.69 1.86,-8.64 2.79,-8.57 3.71,-8.47 4.64,-8.34 5.57,-8.19 6.5,-8 7.58,-7.94 8.65,-7.77 9.69,-7.48 10.68,-7.08 11.61,-6.58 12.47,-5.99 13.24,-5.3 13.91,-4.54 14.47,-3.72 14.92,-2.84 15.24,-1.91 15.43,-0.96 15.5,0 15.43,0.96 15.24,1.91 14.92,2.84 14.47,3.72 13.91,4.54 13.24,5.3 12.47,5.99 11.61,6.58 10.68,7.08 9.69,7.48 8.65,7.77 7.58,7.94 6.5,8 5.57,8.19 4.64,8.34 3.71,8.47 2.79,8.57 1.86,8.64 0.93,8.69 0,8.7 -0.93,8.69 -1.86,8.64 -2.79,8.57 -3.71,8.47 -4.64,8.34 -5.57,8.19 -6.5,8 -7.58,7.94 -8.65,7.77 -9.69,7.48 -10.68,7.08 -11.61,6.58 -12.47,5.99 -13.24,5.3 -13.91,4.54 -14.47,3.72 -14.92,2.84 -15.24,1.91 -15.43,0.96 -15.5,0 -15.43,-0.96 -15.24,-1.91 -14.92,-2.84 -14.47,-3.72 -13.91,-4.54 -13.24,-5.3 -12.47,-5.99 -11.61,-6.58 -10.68,-7.08 -9.69,-7.48 -8.65,-7.77 -7.58,-7.94Z" fill="none" stroke="var(--i3)" stroke-width="3.3" transform="translate(-0.75,-0.75)" opacity=".28"/>
      <path d="M-6.5,-8 -5.57,-8.19 -4.64,-8.34 -3.71,-8.47 -2.79,-8.57 -1.86,-8.64 -0.93,-8.69 0,-8.7 0.93,-8.69 1.86,-8.64 2.79,-8.57 3.71,-8.47 4.64,-8.34 5.57,-8.19 6.5,-8 7.58,-7.94 8.65,-7.77 9.69,-7.48 10.68,-7.08 11.61,-6.58 12.47,-5.99 13.24,-5.3 13.91,-4.54 14.47,-3.72 14.92,-2.84 15.24,-1.91 15.43,-0.96 15.5,0 15.43,0.96 15.24,1.91 14.92,2.84 14.47,3.72 13.91,4.54 13.24,5.3 12.47,5.99 11.61,6.58 10.68,7.08 9.69,7.48 8.65,7.77 7.58,7.94 6.5,8 5.57,8.19 4.64,8.34 3.71,8.47 2.79,8.57 1.86,8.64 0.93,8.69 0,8.7 -0.93,8.69 -1.86,8.64 -2.79,8.57 -3.71,8.47 -4.64,8.34 -5.57,8.19 -6.5,8 -7.58,7.94 -8.65,7.77 -9.69,7.48 -10.68,7.08 -11.61,6.58 -12.47,5.99 -13.24,5.3 -13.91,4.54 -14.47,3.72 -14.92,2.84 -15.24,1.91 -15.43,0.96 -15.5,0 -15.43,-0.96 -15.24,-1.91 -14.92,-2.84 -14.47,-3.72 -13.91,-4.54 -13.24,-5.3 -12.47,-5.99 -11.61,-6.58 -10.68,-7.08 -9.69,-7.48 -8.65,-7.77 -7.58,-7.94Z" fill="none" stroke="var(--i3)" stroke-width="1.7" transform="translate(-0.95,-0.95)" opacity=".62"/>
      <path d="M-6.5,-8 -5.57,-8.19 -4.64,-8.34 -3.71,-8.47 -2.79,-8.57 -1.86,-8.64 -0.93,-8.69 0,-8.7 0.93,-8.69 1.86,-8.64 2.79,-8.57 3.71,-8.47 4.64,-8.34 5.57,-8.19 6.5,-8 7.58,-7.94 8.65,-7.77 9.69,-7.48 10.68,-7.08 11.61,-6.58 12.47,-5.99 13.24,-5.3 13.91,-4.54 14.47,-3.72 14.92,-2.84 15.24,-1.91 15.43,-0.96 15.5,0 15.43,0.96 15.24,1.91 14.92,2.84 14.47,3.72 13.91,4.54 13.24,5.3 12.47,5.99 11.61,6.58 10.68,7.08 9.69,7.48 8.65,7.77 7.58,7.94 6.5,8 5.57,8.19 4.64,8.34 3.71,8.47 2.79,8.57 1.86,8.64 0.93,8.69 0,8.7 -0.93,8.69 -1.86,8.64 -2.79,8.57 -3.71,8.47 -4.64,8.34 -5.57,8.19 -6.5,8 -7.58,7.94 -8.65,7.77 -9.69,7.48 -10.68,7.08 -11.61,6.58 -12.47,5.99 -13.24,5.3 -13.91,4.54 -14.47,3.72 -14.92,2.84 -15.24,1.91 -15.43,0.96 -15.5,0 -15.43,-0.96 -15.24,-1.91 -14.92,-2.84 -14.47,-3.72 -13.91,-4.54 -13.24,-5.3 -12.47,-5.99 -11.61,-6.58 -10.68,-7.08 -9.69,-7.48 -8.65,-7.77 -7.58,-7.94Z" fill="none" stroke="#fff" stroke-width="0.6" transform="translate(-1.05,-1.05)" opacity=".14"/>
      <path d="M-6.5,-8 -5.57,-8.19 -4.64,-8.34 -3.71,-8.47 -2.79,-8.57 -1.86,-8.64 -0.93,-8.69 0,-8.7 0.93,-8.69 1.86,-8.64 2.79,-8.57 3.71,-8.47 4.64,-8.34 5.57,-8.19 6.5,-8 7.58,-7.94 8.65,-7.77 9.69,-7.48 10.68,-7.08 11.61,-6.58 12.47,-5.99 13.24,-5.3 13.91,-4.54 14.47,-3.72 14.92,-2.84 15.24,-1.91 15.43,-0.96 15.5,0 15.43,0.96 15.24,1.91 14.92,2.84 14.47,3.72 13.91,4.54 13.24,5.3 12.47,5.99 11.61,6.58 10.68,7.08 9.69,7.48 8.65,7.77 7.58,7.94 6.5,8 5.57,8.19 4.64,8.34 3.71,8.47 2.79,8.57 1.86,8.64 0.93,8.69 0,8.7 -0.93,8.69 -1.86,8.64 -2.79,8.57 -3.71,8.47 -4.64,8.34 -5.57,8.19 -6.5,8 -7.58,7.94 -8.65,7.77 -9.69,7.48 -10.68,7.08 -11.61,6.58 -12.47,5.99 -13.24,5.3 -13.91,4.54 -14.47,3.72 -14.92,2.84 -15.24,1.91 -15.43,0.96 -15.5,0 -15.43,-0.96 -15.24,-1.91 -14.92,-2.84 -14.47,-3.72 -13.91,-4.54 -13.24,-5.3 -12.47,-5.99 -11.61,-6.58 -10.68,-7.08 -9.69,-7.48 -8.65,-7.77 -7.58,-7.94Z" fill="none" stroke="var(--i3)" stroke-width="0.7" transform="translate(2.45,2.45)" opacity=".32"/>
    </g>
    <g clip-path="url(#cpR100)"><g style="opacity:var(--rust,.5)" fill="url(#rustPat)">
      <path d="M-6.5,-6.2 q3,-1 6,1.4 q-1.6,2.6 -4.2,2.6 q-2.4,-1 -1.8,-4z"/>
      <path d="M0.5,2.6 q3,-.6 5.6,1.4 q-.6,2.4 -3.4,2.6 q-2.6,-.8 -2.2,-4z"/>
      <path d="M-12.8,-3 q1.6,-1.2 3.2,.4 q-.2,2.2 -2.2,2.8 q-1.8,-1 -1,-3.2z"/>
      <path d="M9.4,1 q2,-1.4 3.6,.6 q.2,2.4 -1.8,3 q-2.4,-1.2 -1.8,-3.6z"/>
      <path d="M2,9 q5,-.8 9,.6 q-1,2.2 -5,2 q-4,-.4 -4,-2.6z"/>
    </g><g fill="#b9b9b6" style="opacity:var(--polish,.5)">
      <ellipse cx="12.3" cy="-0.4" rx="1.3" ry="2.8"/>
      <ellipse cx="-12.3" cy="0.5" rx="1.2" ry="2.6"/>
    </g></g>
    <g class="stud">
      <path d="M-2.4,-2.8 C-2.4,-4.4 -3.9,-4.7 -3.9,-5.8 H3.9 C3.9,-4.7 2.4,-4.4 2.4,-2.8 V2.8 C2.4,4.4 3.9,4.7 3.9,5.8 H-3.9 C-3.9,4.7 -2.4,4.4 -2.4,2.8Z" fill="var(--i2)"/>
      <path d="M-2.4,-2.8 C-2.4,-4.4 -3.9,-4.7 -3.9,-5.8 H3.9 C3.9,-4.7 2.4,-4.4 2.4,-2.8 V2.8 C2.4,4.4 3.9,4.7 3.9,5.8 H-3.9 C-3.9,4.7 -2.4,4.4 -2.4,2.8Z" fill="#000" opacity=".14"/>
      <g clip-path="url(#cpS100)">
        <line x1="-1.1" y1="-6" x2="-1.1" y2="6" stroke="var(--i3)" stroke-width="1.5" opacity=".45"/>
        <line x1="-1.5" y1="-6" x2="-1.5" y2="6" stroke="var(--i3)" stroke-width=".6" opacity=".3"/>
        <line x1="1.5" y1="-6" x2="1.5" y2="6" stroke="var(--i1)" stroke-width="1.7" opacity=".9"/>
        <line x1="2.2" y1="-6" x2="2.2" y2="6" stroke="#000" stroke-width=".7" opacity=".4"/>
        <path d="M-3.9,-5.2 H3.9 M-3.9,5.2 H3.9" stroke="#000" stroke-width="1" opacity=".22"/>
      </g>
      <path d="M-2.4,-2.8 C-2.4,-4.4 -3.9,-4.7 -4.3,-5 M2.4,-2.8 C2.4,-4.4 3.9,-4.7 4.3,-5 M-2.4,2.8 C-2.4,4.4 -3.9,4.7 -4.3,5 M2.4,2.8 C2.4,4.4 3.9,4.7 4.3,5" fill="none" stroke="#0b0907" stroke-width=".55" opacity=".55"/>
    </g>
    <g class="paint" style="opacity:var(--pa,0)">
      <path d="M-6.86,-10.98 -6.12,-11.14 -5.1,-11.31 -4.08,-11.45 -3.06,-11.56 -2.04,-11.64 -1.02,-11.68 0,-11.7 1.02,-11.68 2.04,-11.64 3.06,-11.56 4.08,-11.45 5.1,-11.31 6.12,-11.14 6.86,-10.98 7.91,-10.92 9.3,-10.7 10.65,-10.32 11.95,-9.8 13.18,-9.14 14.32,-8.35 15.36,-7.42 16.28,-6.38 17.05,-5.24 17.67,-4.01 18.13,-2.72 18.41,-1.37 18.5,0 18.41,1.37 18.13,2.72 17.67,4.01 17.05,5.24 16.28,6.38 15.36,7.42 14.32,8.35 13.18,9.14 11.95,9.8 10.65,10.32 9.3,10.7 7.91,10.92 6.86,10.98 6.12,11.14 5.1,11.31 4.08,11.45 3.06,11.56 2.04,11.64 1.02,11.68 0,11.7 -1.02,11.68 -2.04,11.64 -3.06,11.56 -4.08,11.45 -5.1,11.31 -6.12,11.14 -6.86,10.98 -7.91,10.92 -9.3,10.7 -10.65,10.32 -11.95,9.8 -13.18,9.14 -14.32,8.35 -15.36,7.42 -16.28,6.38 -17.05,5.24 -17.67,4.01 -18.13,2.72 -18.41,1.37 -18.5,0 -18.41,-1.37 -18.13,-2.72 -17.67,-4.01 -17.05,-5.24 -16.28,-6.38 -15.36,-7.42 -14.32,-8.35 -13.18,-9.14 -11.95,-9.8 -10.65,-10.32 -9.3,-10.7 -7.91,-10.92Z M-6.14,-5.02 -5.03,-5.24 -4.19,-5.38 -3.35,-5.49 -2.51,-5.58 -1.67,-5.65 -0.84,-5.69 0,-5.7 0.84,-5.69 1.67,-5.65 2.51,-5.58 3.35,-5.49 4.19,-5.38 5.03,-5.24 6.14,-5.02 7.26,-4.96 8.01,-4.84 8.73,-4.64 9.41,-4.36 10.04,-4.03 10.61,-3.63 11.11,-3.19 11.54,-2.7 11.89,-2.19 12.16,-1.66 12.35,-1.11 12.46,-0.56 12.5,0 12.46,0.56 12.35,1.11 12.16,1.66 11.89,2.19 11.54,2.7 11.11,3.19 10.61,3.63 10.04,4.03 9.41,4.36 8.73,4.64 8.01,4.84 7.26,4.96 6.14,5.02 5.03,5.24 4.19,5.38 3.35,5.49 2.51,5.58 1.67,5.65 0.84,5.69 0,5.7 -0.84,5.69 -1.67,5.65 -2.51,5.58 -3.35,5.49 -4.19,5.38 -5.03,5.24 -6.14,5.02 -7.26,4.96 -8.01,4.84 -8.73,4.64 -9.41,4.36 -10.04,4.03 -10.61,3.63 -11.11,3.19 -11.54,2.7 -11.89,2.19 -12.16,1.66 -12.35,1.11 -12.46,0.56 -12.5,0 -12.46,-0.56 -12.35,-1.11 -12.16,-1.66 -11.89,-2.19 -11.54,-2.7 -11.11,-3.19 -10.61,-3.63 -10.04,-4.03 -9.41,-4.36 -8.73,-4.64 -8.01,-4.84 -7.26,-4.96Z" fill="var(--paint,#000)" fill-rule="evenodd" opacity=".84"/>
      <path d="M-2.4,-2.8 C-2.4,-4.4 -3.9,-4.7 -3.9,-5.8 H3.9 C3.9,-4.7 2.4,-4.4 2.4,-2.8 V2.8 C2.4,4.4 3.9,4.7 3.9,5.8 H-3.9 C-3.9,4.7 -2.4,4.4 -2.4,2.8Z" fill="var(--paint,#000)" opacity=".84"/>
      <g clip-path="url(#cpR100)" fill="none" stroke-linecap="round">
        <path d="M-14,-9.4 q6,-.6 12,.2 t10,.4" stroke="var(--paint,#000)" stroke-width="1.1" opacity=".5"/>
        <path d="M-12,-7.2 q8,.6 14,-.4" stroke="#000" stroke-width=".5" opacity=".14"/>
        <path d="M-9,8.8 q9,-.8 17,.3" stroke="var(--paint,#000)" stroke-width="1" opacity=".45"/>
        <path d="M2,7.4 q6,.5 11,-.6" stroke="#000" stroke-width=".5" opacity=".12"/>
        <path d="M-15.4,-4 q-1.2,4 .2,8" stroke="var(--paint,#000)" stroke-width=".9" opacity=".4"/>
        <!-- chips: paint lifted to bare iron, dark edge on the lit side where the flake stands proud -->
        <path d="M-4.2,-10.6 l2.6,-.2 1.2,1.4 -1.8,1.3 -2.2,-.6z" fill="var(--i2)"/>
        <path d="M-4.2,-10.6 l2.6,-.2" stroke="#000" stroke-width=".55" opacity=".7"/>
        <path d="M12.4,3.2 l1.8,-1.2 1.6,1.6 -.8,2.2 -2.2,-.4z" fill="var(--i1)"/>
        <path d="M12.4,3.2 l1.8,-1.2" stroke="#000" stroke-width=".5" opacity=".6"/>
        <path d="M-9.8,9.6 l2,-.6 1,1.2 -1.6,.8z" fill="var(--i2)"/>
        <!-- rust bleeding through at the crowns and the stud roots -->
        <g fill="url(#rustPat)" opacity=".55">
          <path d="M-16.8,-3 q2.4,-1.6 3.6,1 q-.4,3 -2.4,3.4 q-2,-1.4 -1.2,-4.4z"/>
          <path d="M14.2,-3.4 q2.4,-1 3,1.6 q-.6,2.4 -2.4,2.6 q-1.8,-1.6 -.6,-4.2z"/>
          <path d="M-4,-6.4 q3,-.8 5.4,.8 q-1,1.8 -3,1.6 q-2.6,-.4 -2.4,-2.4z"/>
        </g>
      </g>
    </g>
    <g class="turns" fill="none" stroke-linecap="round"><g class="w1" transform="rotate(7 -5.9 -8)"><line x1="-5" y1="-10.7" x2="-5" y2="-5.2" stroke="#1a1816" stroke-width=".9" opacity=".6"/><line x1="-5.9" y1="-10.8" x2="-5.9" y2="-5.1" stroke="#dcd8cc" stroke-width=".9"/><line x1="-5.9" y1="-10.4" x2="-5.9" y2="-8.2" stroke="#fff" stroke-width=".45" opacity=".4"/></g><g class="w2" transform="rotate(7 -3 -8)"><line x1="-2.1" y1="-10.7" x2="-2.1" y2="-5.2" stroke="#1a1816" stroke-width=".9" opacity=".6"/><line x1="-3" y1="-10.8" x2="-3" y2="-5.1" stroke="#dcd8cc" stroke-width=".9"/><line x1="-3" y1="-10.4" x2="-3" y2="-8.2" stroke="#fff" stroke-width=".45" opacity=".4"/></g><g class="w3" transform="rotate(7 -0.1 -8)"><line x1="0.8" y1="-10.7" x2="0.8" y2="-5.2" stroke="#1a1816" stroke-width=".9" opacity=".6"/><line x1="-0.1" y1="-10.8" x2="-0.1" y2="-5.1" stroke="#dcd8cc" stroke-width=".9"/><line x1="-0.1" y1="-10.4" x2="-0.1" y2="-8.2" stroke="#fff" stroke-width=".45" opacity=".4"/></g><g class="w4" transform="rotate(7 2.8 -8)"><line x1="3.7" y1="-10.7" x2="3.7" y2="-5.2" stroke="#1a1816" stroke-width=".9" opacity=".6"/><line x1="2.8" y1="-10.8" x2="2.8" y2="-5.1" stroke="#dcd8cc" stroke-width=".9"/><line x1="2.8" y1="-10.4" x2="2.8" y2="-8.2" stroke="#fff" stroke-width=".45" opacity=".4"/></g><g class="w5" transform="rotate(7 5.7 -8)"><line x1="6.6" y1="-10.7" x2="6.6" y2="-5.2" stroke="#1a1816" stroke-width=".9" opacity=".6"/><line x1="5.7" y1="-10.8" x2="5.7" y2="-5.1" stroke="#dcd8cc" stroke-width=".9"/><line x1="5.7" y1="-10.4" x2="5.7" y2="-8.2" stroke="#fff" stroke-width=".45" opacity=".4"/></g></g>
  </symbol>
  <!-- the same link rolled ~41 deg on its long axis (roll factor .75): half on edge, as chain lies. -->
  <symbol id="lk-roll" overflow="visible">
    <path d="M-6.77,-8.99 -5.98,-9.11 -4.99,-9.24 -3.99,-9.34 -2.99,-9.42 -2,-9.48 -1,-9.51 0,-9.52 1,-9.51 2,-9.48 2.99,-9.42 3.99,-9.34 4.99,-9.24 5.98,-9.11 6.77,-8.99 7.83,-8.95 9.14,-8.79 10.43,-8.52 11.67,-8.14 12.87,-7.66 13.99,-7.07 15.04,-6.38 15.99,-5.57 16.83,-4.64 17.52,-3.61 18.05,-2.48 18.39,-1.26 18.5,0 18.39,1.26 18.05,2.48 17.52,3.61 16.83,4.64 15.99,5.57 15.04,6.38 13.99,7.07 12.87,7.66 11.67,8.14 10.43,8.52 9.14,8.79 7.83,8.95 6.77,8.99 5.98,9.11 4.99,9.24 3.99,9.34 2.99,9.42 2,9.48 1,9.51 0,9.52 -1,9.51 -2,9.48 -2.99,9.42 -3.99,9.34 -4.99,9.24 -5.98,9.11 -6.77,8.99 -7.83,8.95 -9.14,8.79 -10.43,8.52 -11.67,8.14 -12.87,7.66 -13.99,7.07 -15.04,6.38 -15.99,5.57 -16.83,4.64 -17.52,3.61 -18.05,2.48 -18.39,1.26 -18.5,0 -18.39,-1.26 -18.05,-2.48 -17.52,-3.61 -16.83,-4.64 -15.99,-5.57 -15.04,-6.38 -13.99,-7.07 -12.87,-7.66 -11.67,-8.14 -10.43,-8.52 -9.14,-8.79 -7.83,-8.95Z M-6.23,-3.01 -5.16,-3.17 -4.3,-3.28 -3.44,-3.37 -2.58,-3.44 -1.72,-3.49 -0.86,-3.52 0,-3.52 0.86,-3.52 1.72,-3.49 2.58,-3.44 3.44,-3.37 4.3,-3.28 5.16,-3.17 6.23,-3.01 7.34,-2.97 8.17,-2.87 8.96,-2.7 9.69,-2.48 10.36,-2.21 10.94,-1.91 11.43,-1.58 11.82,-1.25 12.11,-0.93 12.31,-0.64 12.42,-0.4 12.48,-0.19 12.5,0 12.48,0.19 12.42,0.4 12.31,0.64 12.11,0.93 11.82,1.25 11.43,1.58 10.94,1.91 10.36,2.21 9.69,2.48 8.96,2.7 8.17,2.87 7.34,2.97 6.23,3.01 5.16,3.17 4.3,3.28 3.44,3.37 2.58,3.44 1.72,3.49 0.86,3.52 0,3.52 -0.86,3.52 -1.72,3.49 -2.58,3.44 -3.44,3.37 -4.3,3.28 -5.16,3.17 -6.23,3.01 -7.34,2.97 -8.17,2.87 -8.96,2.7 -9.69,2.48 -10.36,2.21 -10.94,1.91 -11.43,1.58 -11.82,1.25 -12.11,0.93 -12.31,0.64 -12.42,0.4 -12.48,0.19 -12.5,0 -12.48,-0.19 -12.42,-0.4 -12.31,-0.64 -12.11,-0.93 -11.82,-1.25 -11.43,-1.58 -10.94,-1.91 -10.36,-2.21 -9.69,-2.48 -8.96,-2.7 -8.17,-2.87 -7.34,-2.97Z" fill="var(--i2)" fill-rule="evenodd"/>
    <path d="M-6.77,-8.99 -5.98,-9.11 -4.99,-9.24 -3.99,-9.34 -2.99,-9.42 -2,-9.48 -1,-9.51 0,-9.52 1,-9.51 2,-9.48 2.99,-9.42 3.99,-9.34 4.99,-9.24 5.98,-9.11 6.77,-8.99 7.83,-8.95 9.14,-8.79 10.43,-8.52 11.67,-8.14 12.87,-7.66 13.99,-7.07 15.04,-6.38 15.99,-5.57 16.83,-4.64 17.52,-3.61 18.05,-2.48 18.39,-1.26 18.5,0 18.39,1.26 18.05,2.48 17.52,3.61 16.83,4.64 15.99,5.57 15.04,6.38 13.99,7.07 12.87,7.66 11.67,8.14 10.43,8.52 9.14,8.79 7.83,8.95 6.77,8.99 5.98,9.11 4.99,9.24 3.99,9.34 2.99,9.42 2,9.48 1,9.51 0,9.52 -1,9.51 -2,9.48 -2.99,9.42 -3.99,9.34 -4.99,9.24 -5.98,9.11 -6.77,8.99 -7.83,8.95 -9.14,8.79 -10.43,8.52 -11.67,8.14 -12.87,7.66 -13.99,7.07 -15.04,6.38 -15.99,5.57 -16.83,4.64 -17.52,3.61 -18.05,2.48 -18.39,1.26 -18.5,0 -18.39,-1.26 -18.05,-2.48 -17.52,-3.61 -16.83,-4.64 -15.99,-5.57 -15.04,-6.38 -13.99,-7.07 -12.87,-7.66 -11.67,-8.14 -10.43,-8.52 -9.14,-8.79 -7.83,-8.95Z M-6.23,-3.01 -5.16,-3.17 -4.3,-3.28 -3.44,-3.37 -2.58,-3.44 -1.72,-3.49 -0.86,-3.52 0,-3.52 0.86,-3.52 1.72,-3.49 2.58,-3.44 3.44,-3.37 4.3,-3.28 5.16,-3.17 6.23,-3.01 7.34,-2.97 8.17,-2.87 8.96,-2.7 9.69,-2.48 10.36,-2.21 10.94,-1.91 11.43,-1.58 11.82,-1.25 12.11,-0.93 12.31,-0.64 12.42,-0.4 12.48,-0.19 12.5,0 12.48,0.19 12.42,0.4 12.31,0.64 12.11,0.93 11.82,1.25 11.43,1.58 10.94,1.91 10.36,2.21 9.69,2.48 8.96,2.7 8.17,2.87 7.34,2.97 6.23,3.01 5.16,3.17 4.3,3.28 3.44,3.37 2.58,3.44 1.72,3.49 0.86,3.52 0,3.52 -0.86,3.52 -1.72,3.49 -2.58,3.44 -3.44,3.37 -4.3,3.28 -5.16,3.17 -6.23,3.01 -7.34,2.97 -8.17,2.87 -8.96,2.7 -9.69,2.48 -10.36,2.21 -10.94,1.91 -11.43,1.58 -11.82,1.25 -12.11,0.93 -12.31,0.64 -12.42,0.4 -12.48,0.19 -12.5,0 -12.48,-0.19 -12.42,-0.4 -12.31,-0.64 -12.11,-0.93 -11.82,-1.25 -11.43,-1.58 -10.94,-1.91 -10.36,-2.21 -9.69,-2.48 -8.96,-2.7 -8.17,-2.87 -7.34,-2.97Z" fill="#6b4a30" fill-rule="evenodd" opacity=".1"/>
    <g clip-path="url(#cpR75)">
      <path d="M-6.5,-6 -5.57,-6.14 -4.64,-6.26 -3.71,-6.35 -2.79,-6.43 -1.86,-6.48 -0.93,-6.51 0,-6.52 0.93,-6.51 1.86,-6.48 2.79,-6.43 3.71,-6.35 4.64,-6.26 5.57,-6.14 6.5,-6 7.58,-5.96 8.65,-5.83 9.69,-5.61 10.68,-5.31 11.61,-4.94 12.47,-4.49 13.24,-3.98 13.91,-3.41 14.47,-2.79 14.92,-2.13 15.24,-1.44 15.43,-0.72 15.5,0 15.43,0.72 15.24,1.44 14.92,2.13 14.47,2.79 13.91,3.41 13.24,3.98 12.47,4.49 11.61,4.94 10.68,5.31 9.69,5.61 8.65,5.83 7.58,5.96 6.5,6 5.57,6.14 4.64,6.26 3.71,6.35 2.79,6.43 1.86,6.48 0.93,6.51 0,6.52 -0.93,6.51 -1.86,6.48 -2.79,6.43 -3.71,6.35 -4.64,6.26 -5.57,6.14 -6.5,6 -7.58,5.96 -8.65,5.83 -9.69,5.61 -10.68,5.31 -11.61,4.94 -12.47,4.49 -13.24,3.98 -13.91,3.41 -14.47,2.79 -14.92,2.13 -15.24,1.44 -15.43,0.72 -15.5,0 -15.43,-0.72 -15.24,-1.44 -14.92,-2.13 -14.47,-2.79 -13.91,-3.41 -13.24,-3.98 -12.47,-4.49 -11.61,-4.94 -10.68,-5.31 -9.69,-5.61 -8.65,-5.83 -7.58,-5.96Z" fill="none" stroke="var(--i1)" stroke-width="3" transform="translate(1.35,1.35)" opacity=".95"/>
      <path d="M-6.5,-6 -5.57,-6.14 -4.64,-6.26 -3.71,-6.35 -2.79,-6.43 -1.86,-6.48 -0.93,-6.51 0,-6.52 0.93,-6.51 1.86,-6.48 2.79,-6.43 3.71,-6.35 4.64,-6.26 5.57,-6.14 6.5,-6 7.58,-5.96 8.65,-5.83 9.69,-5.61 10.68,-5.31 11.61,-4.94 12.47,-4.49 13.24,-3.98 13.91,-3.41 14.47,-2.79 14.92,-2.13 15.24,-1.44 15.43,-0.72 15.5,0 15.43,0.72 15.24,1.44 14.92,2.13 14.47,2.79 13.91,3.41 13.24,3.98 12.47,4.49 11.61,4.94 10.68,5.31 9.69,5.61 8.65,5.83 7.58,5.96 6.5,6 5.57,6.14 4.64,6.26 3.71,6.35 2.79,6.43 1.86,6.48 0.93,6.51 0,6.52 -0.93,6.51 -1.86,6.48 -2.79,6.43 -3.71,6.35 -4.64,6.26 -5.57,6.14 -6.5,6 -7.58,5.96 -8.65,5.83 -9.69,5.61 -10.68,5.31 -11.61,4.94 -12.47,4.49 -13.24,3.98 -13.91,3.41 -14.47,2.79 -14.92,2.13 -15.24,1.44 -15.43,0.72 -15.5,0 -15.43,-0.72 -15.24,-1.44 -14.92,-2.13 -14.47,-2.79 -13.91,-3.41 -13.24,-3.98 -12.47,-4.49 -11.61,-4.94 -10.68,-5.31 -9.69,-5.61 -8.65,-5.83 -7.58,-5.96Z" fill="none" stroke="#0b0907" stroke-width="1.6" transform="translate(2.1,2.1)" opacity=".55"/>
      <path d="M-6.5,-6 -5.57,-6.14 -4.64,-6.26 -3.71,-6.35 -2.79,-6.43 -1.86,-6.48 -0.93,-6.51 0,-6.52 0.93,-6.51 1.86,-6.48 2.79,-6.43 3.71,-6.35 4.64,-6.26 5.57,-6.14 6.5,-6 7.58,-5.96 8.65,-5.83 9.69,-5.61 10.68,-5.31 11.61,-4.94 12.47,-4.49 13.24,-3.98 13.91,-3.41 14.47,-2.79 14.92,-2.13 15.24,-1.44 15.43,-0.72 15.5,0 15.43,0.72 15.24,1.44 14.92,2.13 14.47,2.79 13.91,3.41 13.24,3.98 12.47,4.49 11.61,4.94 10.68,5.31 9.69,5.61 8.65,5.83 7.58,5.96 6.5,6 5.57,6.14 4.64,6.26 3.71,6.35 2.79,6.43 1.86,6.48 0.93,6.51 0,6.52 -0.93,6.51 -1.86,6.48 -2.79,6.43 -3.71,6.35 -4.64,6.26 -5.57,6.14 -6.5,6 -7.58,5.96 -8.65,5.83 -9.69,5.61 -10.68,5.31 -11.61,4.94 -12.47,4.49 -13.24,3.98 -13.91,3.41 -14.47,2.79 -14.92,2.13 -15.24,1.44 -15.43,0.72 -15.5,0 -15.43,-0.72 -15.24,-1.44 -14.92,-2.13 -14.47,-2.79 -13.91,-3.41 -13.24,-3.98 -12.47,-4.49 -11.61,-4.94 -10.68,-5.31 -9.69,-5.61 -8.65,-5.83 -7.58,-5.96Z" fill="none" stroke="var(--i3)" stroke-width="3.3" transform="translate(-0.75,-0.75)" opacity=".28"/>
      <path d="M-6.5,-6 -5.57,-6.14 -4.64,-6.26 -3.71,-6.35 -2.79,-6.43 -1.86,-6.48 -0.93,-6.51 0,-6.52 0.93,-6.51 1.86,-6.48 2.79,-6.43 3.71,-6.35 4.64,-6.26 5.57,-6.14 6.5,-6 7.58,-5.96 8.65,-5.83 9.69,-5.61 10.68,-5.31 11.61,-4.94 12.47,-4.49 13.24,-3.98 13.91,-3.41 14.47,-2.79 14.92,-2.13 15.24,-1.44 15.43,-0.72 15.5,0 15.43,0.72 15.24,1.44 14.92,2.13 14.47,2.79 13.91,3.41 13.24,3.98 12.47,4.49 11.61,4.94 10.68,5.31 9.69,5.61 8.65,5.83 7.58,5.96 6.5,6 5.57,6.14 4.64,6.26 3.71,6.35 2.79,6.43 1.86,6.48 0.93,6.51 0,6.52 -0.93,6.51 -1.86,6.48 -2.79,6.43 -3.71,6.35 -4.64,6.26 -5.57,6.14 -6.5,6 -7.58,5.96 -8.65,5.83 -9.69,5.61 -10.68,5.31 -11.61,4.94 -12.47,4.49 -13.24,3.98 -13.91,3.41 -14.47,2.79 -14.92,2.13 -15.24,1.44 -15.43,0.72 -15.5,0 -15.43,-0.72 -15.24,-1.44 -14.92,-2.13 -14.47,-2.79 -13.91,-3.41 -13.24,-3.98 -12.47,-4.49 -11.61,-4.94 -10.68,-5.31 -9.69,-5.61 -8.65,-5.83 -7.58,-5.96Z" fill="none" stroke="var(--i3)" stroke-width="1.7" transform="translate(-0.95,-0.95)" opacity=".62"/>
      <path d="M-6.5,-6 -5.57,-6.14 -4.64,-6.26 -3.71,-6.35 -2.79,-6.43 -1.86,-6.48 -0.93,-6.51 0,-6.52 0.93,-6.51 1.86,-6.48 2.79,-6.43 3.71,-6.35 4.64,-6.26 5.57,-6.14 6.5,-6 7.58,-5.96 8.65,-5.83 9.69,-5.61 10.68,-5.31 11.61,-4.94 12.47,-4.49 13.24,-3.98 13.91,-3.41 14.47,-2.79 14.92,-2.13 15.24,-1.44 15.43,-0.72 15.5,0 15.43,0.72 15.24,1.44 14.92,2.13 14.47,2.79 13.91,3.41 13.24,3.98 12.47,4.49 11.61,4.94 10.68,5.31 9.69,5.61 8.65,5.83 7.58,5.96 6.5,6 5.57,6.14 4.64,6.26 3.71,6.35 2.79,6.43 1.86,6.48 0.93,6.51 0,6.52 -0.93,6.51 -1.86,6.48 -2.79,6.43 -3.71,6.35 -4.64,6.26 -5.57,6.14 -6.5,6 -7.58,5.96 -8.65,5.83 -9.69,5.61 -10.68,5.31 -11.61,4.94 -12.47,4.49 -13.24,3.98 -13.91,3.41 -14.47,2.79 -14.92,2.13 -15.24,1.44 -15.43,0.72 -15.5,0 -15.43,-0.72 -15.24,-1.44 -14.92,-2.13 -14.47,-2.79 -13.91,-3.41 -13.24,-3.98 -12.47,-4.49 -11.61,-4.94 -10.68,-5.31 -9.69,-5.61 -8.65,-5.83 -7.58,-5.96Z" fill="none" stroke="#fff" stroke-width="0.6" transform="translate(-1.05,-1.05)" opacity=".14"/>
      <path d="M-6.5,-6 -5.57,-6.14 -4.64,-6.26 -3.71,-6.35 -2.79,-6.43 -1.86,-6.48 -0.93,-6.51 0,-6.52 0.93,-6.51 1.86,-6.48 2.79,-6.43 3.71,-6.35 4.64,-6.26 5.57,-6.14 6.5,-6 7.58,-5.96 8.65,-5.83 9.69,-5.61 10.68,-5.31 11.61,-4.94 12.47,-4.49 13.24,-3.98 13.91,-3.41 14.47,-2.79 14.92,-2.13 15.24,-1.44 15.43,-0.72 15.5,0 15.43,0.72 15.24,1.44 14.92,2.13 14.47,2.79 13.91,3.41 13.24,3.98 12.47,4.49 11.61,4.94 10.68,5.31 9.69,5.61 8.65,5.83 7.58,5.96 6.5,6 5.57,6.14 4.64,6.26 3.71,6.35 2.79,6.43 1.86,6.48 0.93,6.51 0,6.52 -0.93,6.51 -1.86,6.48 -2.79,6.43 -3.71,6.35 -4.64,6.26 -5.57,6.14 -6.5,6 -7.58,5.96 -8.65,5.83 -9.69,5.61 -10.68,5.31 -11.61,4.94 -12.47,4.49 -13.24,3.98 -13.91,3.41 -14.47,2.79 -14.92,2.13 -15.24,1.44 -15.43,0.72 -15.5,0 -15.43,-0.72 -15.24,-1.44 -14.92,-2.13 -14.47,-2.79 -13.91,-3.41 -13.24,-3.98 -12.47,-4.49 -11.61,-4.94 -10.68,-5.31 -9.69,-5.61 -8.65,-5.83 -7.58,-5.96Z" fill="none" stroke="var(--i3)" stroke-width="0.7" transform="translate(2.45,2.45)" opacity=".32"/>
    </g>
    <g clip-path="url(#cpR75)"><g style="opacity:var(--rust,.5)" fill="url(#rustPat)">
      <path d="M-6.5,-4.2 q3,-1 6,1.4 q-1.6,2.6 -4.2,2.6 q-2.4,-1 -1.8,-4z"/>
      <path d="M0.5,0.6 q3,-.6 5.6,1.4 q-.6,2.4 -3.4,2.6 q-2.6,-.8 -2.2,-4z"/>
      <path d="M-12.8,-1.8 q1.6,-1.2 3.2,.4 q-.2,2.2 -2.2,2.8 q-1.8,-1 -1,-3.2z"/>
      <path d="M9.4,0.6 q2,-1.4 3.6,.6 q.2,2.4 -1.8,3 q-2.4,-1.2 -1.8,-3.6z"/>
      <path d="M2,7 q5,-.8 9,.6 q-1,2.2 -5,2 q-4,-.4 -4,-2.6z"/>
    </g><g fill="#b9b9b6" style="opacity:var(--polish,.5)">
      <ellipse cx="12.3" cy="-0.3" rx="1.3" ry="2.2"/>
      <ellipse cx="-12.3" cy="0.38" rx="1.2" ry="2.05"/>
    </g></g>
    <g class="stud">
      <path d="M-2.4,-0.8 C-2.4,-2.4 -3.9,-2.7 -3.9,-3.8 H3.9 C3.9,-2.7 2.4,-2.4 2.4,-0.8 V0.8 C2.4,2.4 3.9,2.7 3.9,3.8 H-3.9 C-3.9,2.7 -2.4,2.4 -2.4,0.8Z" fill="var(--i2)"/>
      <path d="M-2.4,-0.8 C-2.4,-2.4 -3.9,-2.7 -3.9,-3.8 H3.9 C3.9,-2.7 2.4,-2.4 2.4,-0.8 V0.8 C2.4,2.4 3.9,2.7 3.9,3.8 H-3.9 C-3.9,2.7 -2.4,2.4 -2.4,0.8Z" fill="#000" opacity=".14"/>
      <g clip-path="url(#cpS75)">
        <line x1="-1.1" y1="-4" x2="-1.1" y2="4" stroke="var(--i3)" stroke-width="1.5" opacity=".45"/>
        <line x1="-1.5" y1="-4" x2="-1.5" y2="4" stroke="var(--i3)" stroke-width=".6" opacity=".3"/>
        <line x1="1.5" y1="-4" x2="1.5" y2="4" stroke="var(--i1)" stroke-width="1.7" opacity=".9"/>
        <line x1="2.2" y1="-4" x2="2.2" y2="4" stroke="#000" stroke-width=".7" opacity=".4"/>
        <path d="M-3.9,-3.2 H3.9 M-3.9,3.2 H3.9" stroke="#000" stroke-width="1" opacity=".22"/>
      </g>
      <path d="M-2.4,-0.8 C-2.4,-2.4 -3.9,-2.7 -4.3,-3 M2.4,-0.8 C2.4,-2.4 3.9,-2.7 4.3,-3 M-2.4,0.8 C-2.4,2.4 -3.9,2.7 -4.3,3 M2.4,0.8 C2.4,2.4 3.9,2.7 4.3,3" fill="none" stroke="#0b0907" stroke-width=".55" opacity=".55"/>
    </g>
    <g class="paint" style="opacity:var(--pa,0)">
      <path d="M-6.77,-8.99 -5.98,-9.11 -4.99,-9.24 -3.99,-9.34 -2.99,-9.42 -2,-9.48 -1,-9.51 0,-9.52 1,-9.51 2,-9.48 2.99,-9.42 3.99,-9.34 4.99,-9.24 5.98,-9.11 6.77,-8.99 7.83,-8.95 9.14,-8.79 10.43,-8.52 11.67,-8.14 12.87,-7.66 13.99,-7.07 15.04,-6.38 15.99,-5.57 16.83,-4.64 17.52,-3.61 18.05,-2.48 18.39,-1.26 18.5,0 18.39,1.26 18.05,2.48 17.52,3.61 16.83,4.64 15.99,5.57 15.04,6.38 13.99,7.07 12.87,7.66 11.67,8.14 10.43,8.52 9.14,8.79 7.83,8.95 6.77,8.99 5.98,9.11 4.99,9.24 3.99,9.34 2.99,9.42 2,9.48 1,9.51 0,9.52 -1,9.51 -2,9.48 -2.99,9.42 -3.99,9.34 -4.99,9.24 -5.98,9.11 -6.77,8.99 -7.83,8.95 -9.14,8.79 -10.43,8.52 -11.67,8.14 -12.87,7.66 -13.99,7.07 -15.04,6.38 -15.99,5.57 -16.83,4.64 -17.52,3.61 -18.05,2.48 -18.39,1.26 -18.5,0 -18.39,-1.26 -18.05,-2.48 -17.52,-3.61 -16.83,-4.64 -15.99,-5.57 -15.04,-6.38 -13.99,-7.07 -12.87,-7.66 -11.67,-8.14 -10.43,-8.52 -9.14,-8.79 -7.83,-8.95Z M-6.23,-3.01 -5.16,-3.17 -4.3,-3.28 -3.44,-3.37 -2.58,-3.44 -1.72,-3.49 -0.86,-3.52 0,-3.52 0.86,-3.52 1.72,-3.49 2.58,-3.44 3.44,-3.37 4.3,-3.28 5.16,-3.17 6.23,-3.01 7.34,-2.97 8.17,-2.87 8.96,-2.7 9.69,-2.48 10.36,-2.21 10.94,-1.91 11.43,-1.58 11.82,-1.25 12.11,-0.93 12.31,-0.64 12.42,-0.4 12.48,-0.19 12.5,0 12.48,0.19 12.42,0.4 12.31,0.64 12.11,0.93 11.82,1.25 11.43,1.58 10.94,1.91 10.36,2.21 9.69,2.48 8.96,2.7 8.17,2.87 7.34,2.97 6.23,3.01 5.16,3.17 4.3,3.28 3.44,3.37 2.58,3.44 1.72,3.49 0.86,3.52 0,3.52 -0.86,3.52 -1.72,3.49 -2.58,3.44 -3.44,3.37 -4.3,3.28 -5.16,3.17 -6.23,3.01 -7.34,2.97 -8.17,2.87 -8.96,2.7 -9.69,2.48 -10.36,2.21 -10.94,1.91 -11.43,1.58 -11.82,1.25 -12.11,0.93 -12.31,0.64 -12.42,0.4 -12.48,0.19 -12.5,0 -12.48,-0.19 -12.42,-0.4 -12.31,-0.64 -12.11,-0.93 -11.82,-1.25 -11.43,-1.58 -10.94,-1.91 -10.36,-2.21 -9.69,-2.48 -8.96,-2.7 -8.17,-2.87 -7.34,-2.97Z" fill="var(--paint,#000)" fill-rule="evenodd" opacity=".84"/>
      <path d="M-2.4,-0.8 C-2.4,-2.4 -3.9,-2.7 -3.9,-3.8 H3.9 C3.9,-2.7 2.4,-2.4 2.4,-0.8 V0.8 C2.4,2.4 3.9,2.7 3.9,3.8 H-3.9 C-3.9,2.7 -2.4,2.4 -2.4,0.8Z" fill="var(--paint,#000)" opacity=".84"/>
      <g clip-path="url(#cpR75)" fill="none" stroke-linecap="round">
        <path d="M-14,-9.4 q6,-.6 12,.2 t10,.4" stroke="var(--paint,#000)" stroke-width="1.1" opacity=".5"/>
        <path d="M-12,-7.2 q8,.6 14,-.4" stroke="#000" stroke-width=".5" opacity=".14"/>
        <path d="M-9,6.8 q9,-.8 17,.3" stroke="var(--paint,#000)" stroke-width="1" opacity=".45"/>
        <path d="M2,5.4 q6,.5 11,-.6" stroke="#000" stroke-width=".5" opacity=".12"/>
        <path d="M-15.4,-4 q-1.2,4 .2,8" stroke="var(--paint,#000)" stroke-width=".9" opacity=".4"/>
        <!-- chips: paint lifted to bare iron, dark edge on the lit side where the flake stands proud -->
        <path d="M-4.2,-10.6 l2.6,-.2 1.2,1.4 -1.8,1.3 -2.2,-.6z" fill="var(--i2)"/>
        <path d="M-4.2,-10.6 l2.6,-.2" stroke="#000" stroke-width=".55" opacity=".7"/>
        <path d="M12.4,3.2 l1.8,-1.2 1.6,1.6 -.8,2.2 -2.2,-.4z" fill="var(--i1)"/>
        <path d="M12.4,3.2 l1.8,-1.2" stroke="#000" stroke-width=".5" opacity=".6"/>
        <path d="M-9.8,7.6 l2,-.6 1,1.2 -1.6,.8z" fill="var(--i2)"/>
        <!-- rust bleeding through at the crowns and the stud roots -->
        <g fill="url(#rustPat)" opacity=".55">
          <path d="M-16.8,-3 q2.4,-1.6 3.6,1 q-.4,3 -2.4,3.4 q-2,-1.4 -1.2,-4.4z"/>
          <path d="M14.2,-3.4 q2.4,-1 3,1.6 q-.6,2.4 -2.4,2.6 q-1.8,-1.6 -.6,-4.2z"/>
          <path d="M-4,-4.4 q3,-.8 5.4,.8 q-1,1.8 -3,1.6 q-2.6,-.4 -2.4,-2.4z"/>
        </g>
      </g>
    </g>
    <g class="turns" fill="none" stroke-linecap="round"><g class="w1" transform="rotate(7 -5.9 -8)"><line x1="-5" y1="-10.7" x2="-5" y2="-5.2" stroke="#1a1816" stroke-width=".9" opacity=".6"/><line x1="-5.9" y1="-10.8" x2="-5.9" y2="-5.1" stroke="#dcd8cc" stroke-width=".9"/><line x1="-5.9" y1="-10.4" x2="-5.9" y2="-8.2" stroke="#fff" stroke-width=".45" opacity=".4"/></g><g class="w2" transform="rotate(7 -3 -8)"><line x1="-2.1" y1="-10.7" x2="-2.1" y2="-5.2" stroke="#1a1816" stroke-width=".9" opacity=".6"/><line x1="-3" y1="-10.8" x2="-3" y2="-5.1" stroke="#dcd8cc" stroke-width=".9"/><line x1="-3" y1="-10.4" x2="-3" y2="-8.2" stroke="#fff" stroke-width=".45" opacity=".4"/></g><g class="w3" transform="rotate(7 -0.1 -8)"><line x1="0.8" y1="-10.7" x2="0.8" y2="-5.2" stroke="#1a1816" stroke-width=".9" opacity=".6"/><line x1="-0.1" y1="-10.8" x2="-0.1" y2="-5.1" stroke="#dcd8cc" stroke-width=".9"/><line x1="-0.1" y1="-10.4" x2="-0.1" y2="-8.2" stroke="#fff" stroke-width=".45" opacity=".4"/></g><g class="w4" transform="rotate(7 2.8 -8)"><line x1="3.7" y1="-10.7" x2="3.7" y2="-5.2" stroke="#1a1816" stroke-width=".9" opacity=".6"/><line x1="2.8" y1="-10.8" x2="2.8" y2="-5.1" stroke="#dcd8cc" stroke-width=".9"/><line x1="2.8" y1="-10.4" x2="2.8" y2="-8.2" stroke="#fff" stroke-width=".45" opacity=".4"/></g><g class="w5" transform="rotate(7 5.7 -8)"><line x1="6.6" y1="-10.7" x2="6.6" y2="-5.2" stroke="#1a1816" stroke-width=".9" opacity=".6"/><line x1="5.7" y1="-10.8" x2="5.7" y2="-5.1" stroke="#dcd8cc" stroke-width=".9"/><line x1="5.7" y1="-10.4" x2="5.7" y2="-8.2" stroke="#fff" stroke-width=".45" opacity=".4"/></g></g>
  </symbol>
  <!-- edge-on connector: the same link standing on edge. Bar d wide, 35 long, rounded ends sit inside the neighbours' openings.
       Deliberate deviation from the brief's 10x24 upright connector: seen from above, a link standing on edge in the 10 px gap is a
       bar lying ALONG the chain axis whose tips pass through the neighbours' openings. That is why a run reads as one chain and not
       beads in a row. Do not "correct" it back to an upright rectangle. Also used, rotated, for the two turn links either side of a marker. -->
  <symbol id="lk-edge" overflow="visible">
    <!-- the top bar crosses 1.2d above the neighbour's crown: hard short shadow onto that crown first -->
    <path d="M-14.5,-3 L-4,-3 Q-2.4,-3.7 0,-3.7 Q2.4,-3.7 4,-3 L14.5,-3 A3.0,3.0 0 0 1 14.5,3 L4,3 Q2.4,3.7 0,3.7 Q-2.4,3.7 -4,3 L-14.5,3 A3.0,3.0 0 0 1 -14.5,-3Z" fill="#0f1113" opacity=".42" transform="translate(3.2,3.6)"/>
    <path d="M-14.5,-3 L-4,-3 Q-2.4,-3.7 0,-3.7 Q2.4,-3.7 4,-3 L14.5,-3 A3.0,3.0 0 0 1 14.5,3 L4,3 Q2.4,3.7 0,3.7 Q-2.4,3.7 -4,3 L-14.5,3 A3.0,3.0 0 0 1 -14.5,-3Z" fill="var(--i2)"/>
    <path d="M-14.5,-3 L-4,-3 Q-2.4,-3.7 0,-3.7 Q2.4,-3.7 4,-3 L14.5,-3 A3.0,3.0 0 0 1 14.5,3 L4,3 Q2.4,3.7 0,3.7 Q-2.4,3.7 -4,3 L-14.5,3 A3.0,3.0 0 0 1 -14.5,-3Z" fill="#6b4a30" opacity=".1"/>
    <g clip-path="url(#cpE)">
      <line x1="-18" y1="1.6" x2="18" y2="1.6" stroke="var(--i1)" stroke-width="3" opacity=".95"/>
      <line x1="-18" y1="2.5" x2="18" y2="2.5" stroke="#0b0907" stroke-width="1.3" opacity=".55"/>
      <line x1="-18" y1="-1" x2="18" y2="-1" stroke="var(--i3)" stroke-width="2.6" opacity=".3"/>
      <line x1="-15" y1="-1.05" x2="14" y2="-1.05" stroke="var(--i3)" stroke-width="1.5" opacity=".62" stroke-linecap="round"/>
      <line x1="-12" y1="-1.2" x2="6" y2="-1.2" stroke="#fff" stroke-width=".6" opacity=".14" stroke-linecap="round"/>
      <line x1="-16" y1="2.65" x2="16" y2="2.65" stroke="var(--i3)" stroke-width=".6" opacity=".3"/>
      <!-- the crowns curve down out of sight at both ends: the tips darken as the wire turns away -->
      <path d="M-17.5,-4 h4 v8 h-4z" fill="url(#gTipL)"/>
      <path d="M17.5,-4 h-4 v8 h4z" fill="url(#gTipR)"/>
      <!-- stud bump: the stud under the top bar shows as a dull swell mid-length -->
      <path d="M-4.4,-4 q4.4,-1.8 8.8,0 v8 q-4.4,1.8 -8.8,0z" fill="#000" opacity=".16"/>
      <path d="M-4.2,-3.3 q4.2,-1.2 8.4,0" fill="none" stroke="#000" stroke-width=".5" opacity=".4"/>
      <!-- polished tips: rubbed inside the neighbours' openings -->
      <ellipse cx="-15.3" cy="-.3" rx="1.6" ry="1.5" fill="#b9b9b6" style="opacity:var(--polish,.5)"/>
      <ellipse cx="15.3" cy=".2" rx="1.5" ry="1.4" fill="#b9b9b6" style="opacity:var(--polish,.5)"/>
      <g style="opacity:var(--rust,.5)" fill="url(#rustPat)">
        <path d="M-3.6,-4 q3.4,1.4 6.8,0 q-.4,3 -3.4,3.4 q-3,-.6 -3.4,-3.4z"/>
        <path d="M8,1 q2,-1.4 4,.4 q0,2.4 -2,3 q-2.4,-1 -2,-3.4z"/>
      </g>
    </g>
    <!-- paint (yellow / red runs) rides over everything at 85% so the shading reads through -->
    <path d="M-14.5,-3 L-4,-3 Q-2.4,-3.7 0,-3.7 Q2.4,-3.7 4,-3 L14.5,-3 A3.0,3.0 0 0 1 14.5,3 L4,3 Q2.4,3.7 0,3.7 Q-2.4,3.7 -4,3 L-14.5,3 A3.0,3.0 0 0 1 -14.5,-3Z" fill="var(--paint,#000)" style="opacity:calc(var(--pa,0)*.84)"/>
  </symbol>
  <clipPath id="cpGate"><path d="M3.2,-15 H6.5 A15,15 0 0 1 17.99,-9.64 L6.5,0 L3.2,-4.4Z"/></clipPath>
  <clipPath id="cpNotGate" clip-rule="evenodd"><path d="M-30,-30H40V30H-30Z M3.2,-15 H6.5 A15,15 0 0 1 17.99,-9.64 L6.5,0 L3.2,-4.4Z" clip-rule="evenodd"/></clipPath>
  <symbol id="lk-lap" overflow="visible" class="lap">
    <g clip-path="url(#cpNotGate)">
      <path d="M-6.86,-10.98 -6.12,-11.14 -5.1,-11.31 -4.08,-11.45 -3.06,-11.56 -2.04,-11.64 -1.02,-11.68 0,-11.7 1.02,-11.68 2.04,-11.64 3.06,-11.56 4.08,-11.45 5.1,-11.31 6.12,-11.14 6.86,-10.98 7.91,-10.92 9.3,-10.7 10.65,-10.32 11.95,-9.8 13.18,-9.14 14.32,-8.35 15.36,-7.42 16.28,-6.38 17.05,-5.24 17.67,-4.01 18.13,-2.72 18.41,-1.37 18.5,0 18.41,1.37 18.13,2.72 17.67,4.01 17.05,5.24 16.28,6.38 15.36,7.42 14.32,8.35 13.18,9.14 11.95,9.8 10.65,10.32 9.3,10.7 7.91,10.92 6.86,10.98 6.12,11.14 5.1,11.31 4.08,11.45 3.06,11.56 2.04,11.64 1.02,11.68 0,11.7 -1.02,11.68 -2.04,11.64 -3.06,11.56 -4.08,11.45 -5.1,11.31 -6.12,11.14 -6.86,10.98 -7.91,10.92 -9.3,10.7 -10.65,10.32 -11.95,9.8 -13.18,9.14 -14.32,8.35 -15.36,7.42 -16.28,6.38 -17.05,5.24 -17.67,4.01 -18.13,2.72 -18.41,1.37 -18.5,0 -18.41,-1.37 -18.13,-2.72 -17.67,-4.01 -17.05,-5.24 -16.28,-6.38 -15.36,-7.42 -14.32,-8.35 -13.18,-9.14 -11.95,-9.8 -10.65,-10.32 -9.3,-10.7 -7.91,-10.92Z M-6.14,-5.02 -5.03,-5.24 -4.19,-5.38 -3.35,-5.49 -2.51,-5.58 -1.67,-5.65 -0.84,-5.69 0,-5.7 0.84,-5.69 1.67,-5.65 2.51,-5.58 3.35,-5.49 4.19,-5.38 5.03,-5.24 6.14,-5.02 7.26,-4.96 8.01,-4.84 8.73,-4.64 9.41,-4.36 10.04,-4.03 10.61,-3.63 11.11,-3.19 11.54,-2.7 11.89,-2.19 12.16,-1.66 12.35,-1.11 12.46,-0.56 12.5,0 12.46,0.56 12.35,1.11 12.16,1.66 11.89,2.19 11.54,2.7 11.11,3.19 10.61,3.63 10.04,4.03 9.41,4.36 8.73,4.64 8.01,4.84 7.26,4.96 6.14,5.02 5.03,5.24 4.19,5.38 3.35,5.49 2.51,5.58 1.67,5.65 0.84,5.69 0,5.7 -0.84,5.69 -1.67,5.65 -2.51,5.58 -3.35,5.49 -4.19,5.38 -5.03,5.24 -6.14,5.02 -7.26,4.96 -8.01,4.84 -8.73,4.64 -9.41,4.36 -10.04,4.03 -10.61,3.63 -11.11,3.19 -11.54,2.7 -11.89,2.19 -12.16,1.66 -12.35,1.11 -12.46,0.56 -12.5,0 -12.46,-0.56 -12.35,-1.11 -12.16,-1.66 -11.89,-2.19 -11.54,-2.7 -11.11,-3.19 -10.61,-3.63 -10.04,-4.03 -9.41,-4.36 -8.73,-4.64 -8.01,-4.84 -7.26,-4.96Z" fill="var(--i2)" fill-rule="evenodd"/>
      <g clip-path="url(#cpR100)">
      <path d="M-6.5,-8 -5.57,-8.19 -4.64,-8.34 -3.71,-8.47 -2.79,-8.57 -1.86,-8.64 -0.93,-8.69 0,-8.7 0.93,-8.69 1.86,-8.64 2.79,-8.57 3.71,-8.47 4.64,-8.34 5.57,-8.19 6.5,-8 7.58,-7.94 8.65,-7.77 9.69,-7.48 10.68,-7.08 11.61,-6.58 12.47,-5.99 13.24,-5.3 13.91,-4.54 14.47,-3.72 14.92,-2.84 15.24,-1.91 15.43,-0.96 15.5,0 15.43,0.96 15.24,1.91 14.92,2.84 14.47,3.72 13.91,4.54 13.24,5.3 12.47,5.99 11.61,6.58 10.68,7.08 9.69,7.48 8.65,7.77 7.58,7.94 6.5,8 5.57,8.19 4.64,8.34 3.71,8.47 2.79,8.57 1.86,8.64 0.93,8.69 0,8.7 -0.93,8.69 -1.86,8.64 -2.79,8.57 -3.71,8.47 -4.64,8.34 -5.57,8.19 -6.5,8 -7.58,7.94 -8.65,7.77 -9.69,7.48 -10.68,7.08 -11.61,6.58 -12.47,5.99 -13.24,5.3 -13.91,4.54 -14.47,3.72 -14.92,2.84 -15.24,1.91 -15.43,0.96 -15.5,0 -15.43,-0.96 -15.24,-1.91 -14.92,-2.84 -14.47,-3.72 -13.91,-4.54 -13.24,-5.3 -12.47,-5.99 -11.61,-6.58 -10.68,-7.08 -9.69,-7.48 -8.65,-7.77 -7.58,-7.94Z" fill="none" stroke="var(--i1)" stroke-width="3" transform="translate(1.35,1.35)" opacity=".95"/>
      <path d="M-6.5,-8 -5.57,-8.19 -4.64,-8.34 -3.71,-8.47 -2.79,-8.57 -1.86,-8.64 -0.93,-8.69 0,-8.7 0.93,-8.69 1.86,-8.64 2.79,-8.57 3.71,-8.47 4.64,-8.34 5.57,-8.19 6.5,-8 7.58,-7.94 8.65,-7.77 9.69,-7.48 10.68,-7.08 11.61,-6.58 12.47,-5.99 13.24,-5.3 13.91,-4.54 14.47,-3.72 14.92,-2.84 15.24,-1.91 15.43,-0.96 15.5,0 15.43,0.96 15.24,1.91 14.92,2.84 14.47,3.72 13.91,4.54 13.24,5.3 12.47,5.99 11.61,6.58 10.68,7.08 9.69,7.48 8.65,7.77 7.58,7.94 6.5,8 5.57,8.19 4.64,8.34 3.71,8.47 2.79,8.57 1.86,8.64 0.93,8.69 0,8.7 -0.93,8.69 -1.86,8.64 -2.79,8.57 -3.71,8.47 -4.64,8.34 -5.57,8.19 -6.5,8 -7.58,7.94 -8.65,7.77 -9.69,7.48 -10.68,7.08 -11.61,6.58 -12.47,5.99 -13.24,5.3 -13.91,4.54 -14.47,3.72 -14.92,2.84 -15.24,1.91 -15.43,0.96 -15.5,0 -15.43,-0.96 -15.24,-1.91 -14.92,-2.84 -14.47,-3.72 -13.91,-4.54 -13.24,-5.3 -12.47,-5.99 -11.61,-6.58 -10.68,-7.08 -9.69,-7.48 -8.65,-7.77 -7.58,-7.94Z" fill="none" stroke="#0b0907" stroke-width="1.6" transform="translate(2.1,2.1)" opacity=".55"/>
      <path d="M-6.5,-8 -5.57,-8.19 -4.64,-8.34 -3.71,-8.47 -2.79,-8.57 -1.86,-8.64 -0.93,-8.69 0,-8.7 0.93,-8.69 1.86,-8.64 2.79,-8.57 3.71,-8.47 4.64,-8.34 5.57,-8.19 6.5,-8 7.58,-7.94 8.65,-7.77 9.69,-7.48 10.68,-7.08 11.61,-6.58 12.47,-5.99 13.24,-5.3 13.91,-4.54 14.47,-3.72 14.92,-2.84 15.24,-1.91 15.43,-0.96 15.5,0 15.43,0.96 15.24,1.91 14.92,2.84 14.47,3.72 13.91,4.54 13.24,5.3 12.47,5.99 11.61,6.58 10.68,7.08 9.69,7.48 8.65,7.77 7.58,7.94 6.5,8 5.57,8.19 4.64,8.34 3.71,8.47 2.79,8.57 1.86,8.64 0.93,8.69 0,8.7 -0.93,8.69 -1.86,8.64 -2.79,8.57 -3.71,8.47 -4.64,8.34 -5.57,8.19 -6.5,8 -7.58,7.94 -8.65,7.77 -9.69,7.48 -10.68,7.08 -11.61,6.58 -12.47,5.99 -13.24,5.3 -13.91,4.54 -14.47,3.72 -14.92,2.84 -15.24,1.91 -15.43,0.96 -15.5,0 -15.43,-0.96 -15.24,-1.91 -14.92,-2.84 -14.47,-3.72 -13.91,-4.54 -13.24,-5.3 -12.47,-5.99 -11.61,-6.58 -10.68,-7.08 -9.69,-7.48 -8.65,-7.77 -7.58,-7.94Z" fill="none" stroke="var(--i3)" stroke-width="3.3" transform="translate(-0.75,-0.75)" opacity=".28"/>
      <path d="M-6.5,-8 -5.57,-8.19 -4.64,-8.34 -3.71,-8.47 -2.79,-8.57 -1.86,-8.64 -0.93,-8.69 0,-8.7 0.93,-8.69 1.86,-8.64 2.79,-8.57 3.71,-8.47 4.64,-8.34 5.57,-8.19 6.5,-8 7.58,-7.94 8.65,-7.77 9.69,-7.48 10.68,-7.08 11.61,-6.58 12.47,-5.99 13.24,-5.3 13.91,-4.54 14.47,-3.72 14.92,-2.84 15.24,-1.91 15.43,-0.96 15.5,0 15.43,0.96 15.24,1.91 14.92,2.84 14.47,3.72 13.91,4.54 13.24,5.3 12.47,5.99 11.61,6.58 10.68,7.08 9.69,7.48 8.65,7.77 7.58,7.94 6.5,8 5.57,8.19 4.64,8.34 3.71,8.47 2.79,8.57 1.86,8.64 0.93,8.69 0,8.7 -0.93,8.69 -1.86,8.64 -2.79,8.57 -3.71,8.47 -4.64,8.34 -5.57,8.19 -6.5,8 -7.58,7.94 -8.65,7.77 -9.69,7.48 -10.68,7.08 -11.61,6.58 -12.47,5.99 -13.24,5.3 -13.91,4.54 -14.47,3.72 -14.92,2.84 -15.24,1.91 -15.43,0.96 -15.5,0 -15.43,-0.96 -15.24,-1.91 -14.92,-2.84 -14.47,-3.72 -13.91,-4.54 -13.24,-5.3 -12.47,-5.99 -11.61,-6.58 -10.68,-7.08 -9.69,-7.48 -8.65,-7.77 -7.58,-7.94Z" fill="none" stroke="var(--i3)" stroke-width="1.7" transform="translate(-0.95,-0.95)" opacity=".62"/>
      <path d="M-6.5,-8 -5.57,-8.19 -4.64,-8.34 -3.71,-8.47 -2.79,-8.57 -1.86,-8.64 -0.93,-8.69 0,-8.7 0.93,-8.69 1.86,-8.64 2.79,-8.57 3.71,-8.47 4.64,-8.34 5.57,-8.19 6.5,-8 7.58,-7.94 8.65,-7.77 9.69,-7.48 10.68,-7.08 11.61,-6.58 12.47,-5.99 13.24,-5.3 13.91,-4.54 14.47,-3.72 14.92,-2.84 15.24,-1.91 15.43,-0.96 15.5,0 15.43,0.96 15.24,1.91 14.92,2.84 14.47,3.72 13.91,4.54 13.24,5.3 12.47,5.99 11.61,6.58 10.68,7.08 9.69,7.48 8.65,7.77 7.58,7.94 6.5,8 5.57,8.19 4.64,8.34 3.71,8.47 2.79,8.57 1.86,8.64 0.93,8.69 0,8.7 -0.93,8.69 -1.86,8.64 -2.79,8.57 -3.71,8.47 -4.64,8.34 -5.57,8.19 -6.5,8 -7.58,7.94 -8.65,7.77 -9.69,7.48 -10.68,7.08 -11.61,6.58 -12.47,5.99 -13.24,5.3 -13.91,4.54 -14.47,3.72 -14.92,2.84 -15.24,1.91 -15.43,0.96 -15.5,0 -15.43,-0.96 -15.24,-1.91 -14.92,-2.84 -14.47,-3.72 -13.91,-4.54 -13.24,-5.3 -12.47,-5.99 -11.61,-6.58 -10.68,-7.08 -9.69,-7.48 -8.65,-7.77 -7.58,-7.94Z" fill="none" stroke="#fff" stroke-width="0.6" transform="translate(-1.05,-1.05)" opacity=".14"/>
      <path d="M-6.5,-8 -5.57,-8.19 -4.64,-8.34 -3.71,-8.47 -2.79,-8.57 -1.86,-8.64 -0.93,-8.69 0,-8.7 0.93,-8.69 1.86,-8.64 2.79,-8.57 3.71,-8.47 4.64,-8.34 5.57,-8.19 6.5,-8 7.58,-7.94 8.65,-7.77 9.69,-7.48 10.68,-7.08 11.61,-6.58 12.47,-5.99 13.24,-5.3 13.91,-4.54 14.47,-3.72 14.92,-2.84 15.24,-1.91 15.43,-0.96 15.5,0 15.43,0.96 15.24,1.91 14.92,2.84 14.47,3.72 13.91,4.54 13.24,5.3 12.47,5.99 11.61,6.58 10.68,7.08 9.69,7.48 8.65,7.77 7.58,7.94 6.5,8 5.57,8.19 4.64,8.34 3.71,8.47 2.79,8.57 1.86,8.64 0.93,8.69 0,8.7 -0.93,8.69 -1.86,8.64 -2.79,8.57 -3.71,8.47 -4.64,8.34 -5.57,8.19 -6.5,8 -7.58,7.94 -8.65,7.77 -9.69,7.48 -10.68,7.08 -11.61,6.58 -12.47,5.99 -13.24,5.3 -13.91,4.54 -14.47,3.72 -14.92,2.84 -15.24,1.91 -15.43,0.96 -15.5,0 -15.43,-0.96 -15.24,-1.91 -14.92,-2.84 -14.47,-3.72 -13.91,-4.54 -13.24,-5.3 -12.47,-5.99 -11.61,-6.58 -10.68,-7.08 -9.69,-7.48 -8.65,-7.77 -7.58,-7.94Z" fill="none" stroke="var(--i3)" stroke-width="0.7" transform="translate(2.45,2.45)" opacity=".32"/>
    </g>
      <g clip-path="url(#cpR100)"><g fill="url(#rustPat)" style="opacity:calc(var(--rust,.5)*.35)">
        <path d="M-6.5,-6.2 q3,-1 6,1.4 q-1.6,2.6 -4.2,2.6 q-2.4,-1 -1.8,-4z"/><path d="M-12.8,-3 q1.6,-1.2 3.2,.4 q-.2,2.2 -2.2,2.8 q-1.8,-1 -1,-3.2z"/></g></g>
    </g>
    <g class="stud">
      <path d="M-2.4,-2.8 C-2.4,-4.4 -3.9,-4.7 -3.9,-5.8 H3.9 C3.9,-4.7 2.4,-4.4 2.4,-2.8 V2.8 C2.4,4.4 3.9,4.7 3.9,5.8 H-3.9 C-3.9,4.7 -2.4,4.4 -2.4,2.8Z" fill="var(--i2)"/>
      <path d="M-2.4,-2.8 C-2.4,-4.4 -3.9,-4.7 -3.9,-5.8 H3.9 C3.9,-4.7 2.4,-4.4 2.4,-2.8 V2.8 C2.4,4.4 3.9,4.7 3.9,5.8 H-3.9 C-3.9,4.7 -2.4,4.4 -2.4,2.8Z" fill="#000" opacity=".14"/>
      <g clip-path="url(#cpS100)">
        <line x1="-1.1" y1="-6" x2="-1.1" y2="6" stroke="var(--i3)" stroke-width="1.5" opacity=".45"/>
        <line x1="-1.5" y1="-6" x2="-1.5" y2="6" stroke="var(--i3)" stroke-width=".6" opacity=".3"/>
        <line x1="1.5" y1="-6" x2="1.5" y2="6" stroke="var(--i1)" stroke-width="1.7" opacity=".9"/>
        <line x1="2.2" y1="-6" x2="2.2" y2="6" stroke="#000" stroke-width=".7" opacity=".4"/>
        <path d="M-3.9,-5.2 H3.9 M-3.9,5.2 H3.9" stroke="#000" stroke-width="1" opacity=".22"/>
      </g>
      <path d="M-2.4,-2.8 C-2.4,-4.4 -3.9,-4.7 -4.3,-5 M2.4,-2.8 C2.4,-4.4 3.9,-4.7 4.3,-5 M-2.4,2.8 C-2.4,4.4 -3.9,4.7 -4.3,5 M2.4,2.8 C2.4,4.4 3.9,4.7 4.3,5" fill="none" stroke="#0b0907" stroke-width=".55" opacity=".55"/>
    </g>
    <path d="M3.2,-11.4 V-5.3 h.9 V-11.4Z" fill="#e3e6e7" transform="translate(-.9,0)"/>
    <g class="jaw" style="--hx:13.39px;--hy:-5.14px">
      <g clip-path="url(#cpGate)">
        <path d="M-6.86,-10.98 -6.12,-11.14 -5.1,-11.31 -4.08,-11.45 -3.06,-11.56 -2.04,-11.64 -1.02,-11.68 0,-11.7 1.02,-11.68 2.04,-11.64 3.06,-11.56 4.08,-11.45 5.1,-11.31 6.12,-11.14 6.86,-10.98 7.91,-10.92 9.3,-10.7 10.65,-10.32 11.95,-9.8 13.18,-9.14 14.32,-8.35 15.36,-7.42 16.28,-6.38 17.05,-5.24 17.67,-4.01 18.13,-2.72 18.41,-1.37 18.5,0 18.41,1.37 18.13,2.72 17.67,4.01 17.05,5.24 16.28,6.38 15.36,7.42 14.32,8.35 13.18,9.14 11.95,9.8 10.65,10.32 9.3,10.7 7.91,10.92 6.86,10.98 6.12,11.14 5.1,11.31 4.08,11.45 3.06,11.56 2.04,11.64 1.02,11.68 0,11.7 -1.02,11.68 -2.04,11.64 -3.06,11.56 -4.08,11.45 -5.1,11.31 -6.12,11.14 -6.86,10.98 -7.91,10.92 -9.3,10.7 -10.65,10.32 -11.95,9.8 -13.18,9.14 -14.32,8.35 -15.36,7.42 -16.28,6.38 -17.05,5.24 -17.67,4.01 -18.13,2.72 -18.41,1.37 -18.5,0 -18.41,-1.37 -18.13,-2.72 -17.67,-4.01 -17.05,-5.24 -16.28,-6.38 -15.36,-7.42 -14.32,-8.35 -13.18,-9.14 -11.95,-9.8 -10.65,-10.32 -9.3,-10.7 -7.91,-10.92Z M-6.14,-5.02 -5.03,-5.24 -4.19,-5.38 -3.35,-5.49 -2.51,-5.58 -1.67,-5.65 -0.84,-5.69 0,-5.7 0.84,-5.69 1.67,-5.65 2.51,-5.58 3.35,-5.49 4.19,-5.38 5.03,-5.24 6.14,-5.02 7.26,-4.96 8.01,-4.84 8.73,-4.64 9.41,-4.36 10.04,-4.03 10.61,-3.63 11.11,-3.19 11.54,-2.7 11.89,-2.19 12.16,-1.66 12.35,-1.11 12.46,-0.56 12.5,0 12.46,0.56 12.35,1.11 12.16,1.66 11.89,2.19 11.54,2.7 11.11,3.19 10.61,3.63 10.04,4.03 9.41,4.36 8.73,4.64 8.01,4.84 7.26,4.96 6.14,5.02 5.03,5.24 4.19,5.38 3.35,5.49 2.51,5.58 1.67,5.65 0.84,5.69 0,5.7 -0.84,5.69 -1.67,5.65 -2.51,5.58 -3.35,5.49 -4.19,5.38 -5.03,5.24 -6.14,5.02 -7.26,4.96 -8.01,4.84 -8.73,4.64 -9.41,4.36 -10.04,4.03 -10.61,3.63 -11.11,3.19 -11.54,2.7 -11.89,2.19 -12.16,1.66 -12.35,1.11 -12.46,0.56 -12.5,0 -12.46,-0.56 -12.35,-1.11 -12.16,-1.66 -11.89,-2.19 -11.54,-2.7 -11.11,-3.19 -10.61,-3.63 -10.04,-4.03 -9.41,-4.36 -8.73,-4.64 -8.01,-4.84 -7.26,-4.96Z" fill="var(--i2)" fill-rule="evenodd"/>
        <g clip-path="url(#cpR100)">
      <path d="M-6.5,-8 -5.57,-8.19 -4.64,-8.34 -3.71,-8.47 -2.79,-8.57 -1.86,-8.64 -0.93,-8.69 0,-8.7 0.93,-8.69 1.86,-8.64 2.79,-8.57 3.71,-8.47 4.64,-8.34 5.57,-8.19 6.5,-8 7.58,-7.94 8.65,-7.77 9.69,-7.48 10.68,-7.08 11.61,-6.58 12.47,-5.99 13.24,-5.3 13.91,-4.54 14.47,-3.72 14.92,-2.84 15.24,-1.91 15.43,-0.96 15.5,0 15.43,0.96 15.24,1.91 14.92,2.84 14.47,3.72 13.91,4.54 13.24,5.3 12.47,5.99 11.61,6.58 10.68,7.08 9.69,7.48 8.65,7.77 7.58,7.94 6.5,8 5.57,8.19 4.64,8.34 3.71,8.47 2.79,8.57 1.86,8.64 0.93,8.69 0,8.7 -0.93,8.69 -1.86,8.64 -2.79,8.57 -3.71,8.47 -4.64,8.34 -5.57,8.19 -6.5,8 -7.58,7.94 -8.65,7.77 -9.69,7.48 -10.68,7.08 -11.61,6.58 -12.47,5.99 -13.24,5.3 -13.91,4.54 -14.47,3.72 -14.92,2.84 -15.24,1.91 -15.43,0.96 -15.5,0 -15.43,-0.96 -15.24,-1.91 -14.92,-2.84 -14.47,-3.72 -13.91,-4.54 -13.24,-5.3 -12.47,-5.99 -11.61,-6.58 -10.68,-7.08 -9.69,-7.48 -8.65,-7.77 -7.58,-7.94Z" fill="none" stroke="var(--i1)" stroke-width="3" transform="translate(1.35,1.35)" opacity=".95"/>
      <path d="M-6.5,-8 -5.57,-8.19 -4.64,-8.34 -3.71,-8.47 -2.79,-8.57 -1.86,-8.64 -0.93,-8.69 0,-8.7 0.93,-8.69 1.86,-8.64 2.79,-8.57 3.71,-8.47 4.64,-8.34 5.57,-8.19 6.5,-8 7.58,-7.94 8.65,-7.77 9.69,-7.48 10.68,-7.08 11.61,-6.58 12.47,-5.99 13.24,-5.3 13.91,-4.54 14.47,-3.72 14.92,-2.84 15.24,-1.91 15.43,-0.96 15.5,0 15.43,0.96 15.24,1.91 14.92,2.84 14.47,3.72 13.91,4.54 13.24,5.3 12.47,5.99 11.61,6.58 10.68,7.08 9.69,7.48 8.65,7.77 7.58,7.94 6.5,8 5.57,8.19 4.64,8.34 3.71,8.47 2.79,8.57 1.86,8.64 0.93,8.69 0,8.7 -0.93,8.69 -1.86,8.64 -2.79,8.57 -3.71,8.47 -4.64,8.34 -5.57,8.19 -6.5,8 -7.58,7.94 -8.65,7.77 -9.69,7.48 -10.68,7.08 -11.61,6.58 -12.47,5.99 -13.24,5.3 -13.91,4.54 -14.47,3.72 -14.92,2.84 -15.24,1.91 -15.43,0.96 -15.5,0 -15.43,-0.96 -15.24,-1.91 -14.92,-2.84 -14.47,-3.72 -13.91,-4.54 -13.24,-5.3 -12.47,-5.99 -11.61,-6.58 -10.68,-7.08 -9.69,-7.48 -8.65,-7.77 -7.58,-7.94Z" fill="none" stroke="#0b0907" stroke-width="1.6" transform="translate(2.1,2.1)" opacity=".55"/>
      <path d="M-6.5,-8 -5.57,-8.19 -4.64,-8.34 -3.71,-8.47 -2.79,-8.57 -1.86,-8.64 -0.93,-8.69 0,-8.7 0.93,-8.69 1.86,-8.64 2.79,-8.57 3.71,-8.47 4.64,-8.34 5.57,-8.19 6.5,-8 7.58,-7.94 8.65,-7.77 9.69,-7.48 10.68,-7.08 11.61,-6.58 12.47,-5.99 13.24,-5.3 13.91,-4.54 14.47,-3.72 14.92,-2.84 15.24,-1.91 15.43,-0.96 15.5,0 15.43,0.96 15.24,1.91 14.92,2.84 14.47,3.72 13.91,4.54 13.24,5.3 12.47,5.99 11.61,6.58 10.68,7.08 9.69,7.48 8.65,7.77 7.58,7.94 6.5,8 5.57,8.19 4.64,8.34 3.71,8.47 2.79,8.57 1.86,8.64 0.93,8.69 0,8.7 -0.93,8.69 -1.86,8.64 -2.79,8.57 -3.71,8.47 -4.64,8.34 -5.57,8.19 -6.5,8 -7.58,7.94 -8.65,7.77 -9.69,7.48 -10.68,7.08 -11.61,6.58 -12.47,5.99 -13.24,5.3 -13.91,4.54 -14.47,3.72 -14.92,2.84 -15.24,1.91 -15.43,0.96 -15.5,0 -15.43,-0.96 -15.24,-1.91 -14.92,-2.84 -14.47,-3.72 -13.91,-4.54 -13.24,-5.3 -12.47,-5.99 -11.61,-6.58 -10.68,-7.08 -9.69,-7.48 -8.65,-7.77 -7.58,-7.94Z" fill="none" stroke="var(--i3)" stroke-width="3.3" transform="translate(-0.75,-0.75)" opacity=".28"/>
      <path d="M-6.5,-8 -5.57,-8.19 -4.64,-8.34 -3.71,-8.47 -2.79,-8.57 -1.86,-8.64 -0.93,-8.69 0,-8.7 0.93,-8.69 1.86,-8.64 2.79,-8.57 3.71,-8.47 4.64,-8.34 5.57,-8.19 6.5,-8 7.58,-7.94 8.65,-7.77 9.69,-7.48 10.68,-7.08 11.61,-6.58 12.47,-5.99 13.24,-5.3 13.91,-4.54 14.47,-3.72 14.92,-2.84 15.24,-1.91 15.43,-0.96 15.5,0 15.43,0.96 15.24,1.91 14.92,2.84 14.47,3.72 13.91,4.54 13.24,5.3 12.47,5.99 11.61,6.58 10.68,7.08 9.69,7.48 8.65,7.77 7.58,7.94 6.5,8 5.57,8.19 4.64,8.34 3.71,8.47 2.79,8.57 1.86,8.64 0.93,8.69 0,8.7 -0.93,8.69 -1.86,8.64 -2.79,8.57 -3.71,8.47 -4.64,8.34 -5.57,8.19 -6.5,8 -7.58,7.94 -8.65,7.77 -9.69,7.48 -10.68,7.08 -11.61,6.58 -12.47,5.99 -13.24,5.3 -13.91,4.54 -14.47,3.72 -14.92,2.84 -15.24,1.91 -15.43,0.96 -15.5,0 -15.43,-0.96 -15.24,-1.91 -14.92,-2.84 -14.47,-3.72 -13.91,-4.54 -13.24,-5.3 -12.47,-5.99 -11.61,-6.58 -10.68,-7.08 -9.69,-7.48 -8.65,-7.77 -7.58,-7.94Z" fill="none" stroke="var(--i3)" stroke-width="1.7" transform="translate(-0.95,-0.95)" opacity=".62"/>
      <path d="M-6.5,-8 -5.57,-8.19 -4.64,-8.34 -3.71,-8.47 -2.79,-8.57 -1.86,-8.64 -0.93,-8.69 0,-8.7 0.93,-8.69 1.86,-8.64 2.79,-8.57 3.71,-8.47 4.64,-8.34 5.57,-8.19 6.5,-8 7.58,-7.94 8.65,-7.77 9.69,-7.48 10.68,-7.08 11.61,-6.58 12.47,-5.99 13.24,-5.3 13.91,-4.54 14.47,-3.72 14.92,-2.84 15.24,-1.91 15.43,-0.96 15.5,0 15.43,0.96 15.24,1.91 14.92,2.84 14.47,3.72 13.91,4.54 13.24,5.3 12.47,5.99 11.61,6.58 10.68,7.08 9.69,7.48 8.65,7.77 7.58,7.94 6.5,8 5.57,8.19 4.64,8.34 3.71,8.47 2.79,8.57 1.86,8.64 0.93,8.69 0,8.7 -0.93,8.69 -1.86,8.64 -2.79,8.57 -3.71,8.47 -4.64,8.34 -5.57,8.19 -6.5,8 -7.58,7.94 -8.65,7.77 -9.69,7.48 -10.68,7.08 -11.61,6.58 -12.47,5.99 -13.24,5.3 -13.91,4.54 -14.47,3.72 -14.92,2.84 -15.24,1.91 -15.43,0.96 -15.5,0 -15.43,-0.96 -15.24,-1.91 -14.92,-2.84 -14.47,-3.72 -13.91,-4.54 -13.24,-5.3 -12.47,-5.99 -11.61,-6.58 -10.68,-7.08 -9.69,-7.48 -8.65,-7.77 -7.58,-7.94Z" fill="none" stroke="#fff" stroke-width="0.6" transform="translate(-1.05,-1.05)" opacity=".14"/>
      <path d="M-6.5,-8 -5.57,-8.19 -4.64,-8.34 -3.71,-8.47 -2.79,-8.57 -1.86,-8.64 -0.93,-8.69 0,-8.7 0.93,-8.69 1.86,-8.64 2.79,-8.57 3.71,-8.47 4.64,-8.34 5.57,-8.19 6.5,-8 7.58,-7.94 8.65,-7.77 9.69,-7.48 10.68,-7.08 11.61,-6.58 12.47,-5.99 13.24,-5.3 13.91,-4.54 14.47,-3.72 14.92,-2.84 15.24,-1.91 15.43,-0.96 15.5,0 15.43,0.96 15.24,1.91 14.92,2.84 14.47,3.72 13.91,4.54 13.24,5.3 12.47,5.99 11.61,6.58 10.68,7.08 9.69,7.48 8.65,7.77 7.58,7.94 6.5,8 5.57,8.19 4.64,8.34 3.71,8.47 2.79,8.57 1.86,8.64 0.93,8.69 0,8.7 -0.93,8.69 -1.86,8.64 -2.79,8.57 -3.71,8.47 -4.64,8.34 -5.57,8.19 -6.5,8 -7.58,7.94 -8.65,7.77 -9.69,7.48 -10.68,7.08 -11.61,6.58 -12.47,5.99 -13.24,5.3 -13.91,4.54 -14.47,3.72 -14.92,2.84 -15.24,1.91 -15.43,0.96 -15.5,0 -15.43,-0.96 -15.24,-1.91 -14.92,-2.84 -14.47,-3.72 -13.91,-4.54 -13.24,-5.3 -12.47,-5.99 -11.61,-6.58 -10.68,-7.08 -9.69,-7.48 -8.65,-7.77 -7.58,-7.94Z" fill="none" stroke="var(--i3)" stroke-width="0.7" transform="translate(2.45,2.45)" opacity=".32"/>
    </g>
      </g>
      <path d="M3.2,-11.4 V-5.3 h.9 V-11.4Z" fill="#e3e6e7"/>
      <path d="M3.2,-11.4 V-5.3 h.9 V-11.4Z" fill="#000" opacity=".25" transform="translate(.45,0)"/>
    </g>
    <!-- hinge boss: the pin the gate swings on -->
    <circle cx="13.39" cy="-5.14" r="1.6" fill="var(--i1)" opacity=".85"/>
    <circle cx="12.99" cy="-5.54" r=".8" fill="#e3e6e7" opacity=".8"/>
  </symbol>
  <symbol id="sil-lap" overflow="visible">
    <path d="M-6.86,-10.98 -6.12,-11.14 -5.1,-11.31 -4.08,-11.45 -3.06,-11.56 -2.04,-11.64 -1.02,-11.68 0,-11.7 1.02,-11.68 2.04,-11.64 3.06,-11.56 4.08,-11.45 5.1,-11.31 6.12,-11.14 6.86,-10.98 7.91,-10.92 9.3,-10.7 10.65,-10.32 11.95,-9.8 13.18,-9.14 14.32,-8.35 15.36,-7.42 16.28,-6.38 17.05,-5.24 17.67,-4.01 18.13,-2.72 18.41,-1.37 18.5,0 18.41,1.37 18.13,2.72 17.67,4.01 17.05,5.24 16.28,6.38 15.36,7.42 14.32,8.35 13.18,9.14 11.95,9.8 10.65,10.32 9.3,10.7 7.91,10.92 6.86,10.98 6.12,11.14 5.1,11.31 4.08,11.45 3.06,11.56 2.04,11.64 1.02,11.68 0,11.7 -1.02,11.68 -2.04,11.64 -3.06,11.56 -4.08,11.45 -5.1,11.31 -6.12,11.14 -6.86,10.98 -7.91,10.92 -9.3,10.7 -10.65,10.32 -11.95,9.8 -13.18,9.14 -14.32,8.35 -15.36,7.42 -16.28,6.38 -17.05,5.24 -17.67,4.01 -18.13,2.72 -18.41,1.37 -18.5,0 -18.41,-1.37 -18.13,-2.72 -17.67,-4.01 -17.05,-5.24 -16.28,-6.38 -15.36,-7.42 -14.32,-8.35 -13.18,-9.14 -11.95,-9.8 -10.65,-10.32 -9.3,-10.7 -7.91,-10.92Z M-6.14,-5.02 -5.03,-5.24 -4.19,-5.38 -3.35,-5.49 -2.51,-5.58 -1.67,-5.65 -0.84,-5.69 0,-5.7 0.84,-5.69 1.67,-5.65 2.51,-5.58 3.35,-5.49 4.19,-5.38 5.03,-5.24 6.14,-5.02 7.26,-4.96 8.01,-4.84 8.73,-4.64 9.41,-4.36 10.04,-4.03 10.61,-3.63 11.11,-3.19 11.54,-2.7 11.89,-2.19 12.16,-1.66 12.35,-1.11 12.46,-0.56 12.5,0 12.46,0.56 12.35,1.11 12.16,1.66 11.89,2.19 11.54,2.7 11.11,3.19 10.61,3.63 10.04,4.03 9.41,4.36 8.73,4.64 8.01,4.84 7.26,4.96 6.14,5.02 5.03,5.24 4.19,5.38 3.35,5.49 2.51,5.58 1.67,5.65 0.84,5.69 0,5.7 -0.84,5.69 -1.67,5.65 -2.51,5.58 -3.35,5.49 -4.19,5.38 -5.03,5.24 -6.14,5.02 -7.26,4.96 -8.01,4.84 -8.73,4.64 -9.41,4.36 -10.04,4.03 -10.61,3.63 -11.11,3.19 -11.54,2.7 -11.89,2.19 -12.16,1.66 -12.35,1.11 -12.46,0.56 -12.5,0 -12.46,-0.56 -12.35,-1.11 -12.16,-1.66 -11.89,-2.19 -11.54,-2.7 -11.11,-3.19 -10.61,-3.63 -10.04,-4.03 -9.41,-4.36 -8.73,-4.64 -8.01,-4.84 -7.26,-4.96Z" fill-rule="evenodd" clip-path="url(#cpNotGate)"/>
    <g class="jaw" style="--hx:13.39px;--hy:-5.14px"><path d="M-6.86,-10.98 -6.12,-11.14 -5.1,-11.31 -4.08,-11.45 -3.06,-11.56 -2.04,-11.64 -1.02,-11.68 0,-11.7 1.02,-11.68 2.04,-11.64 3.06,-11.56 4.08,-11.45 5.1,-11.31 6.12,-11.14 6.86,-10.98 7.91,-10.92 9.3,-10.7 10.65,-10.32 11.95,-9.8 13.18,-9.14 14.32,-8.35 15.36,-7.42 16.28,-6.38 17.05,-5.24 17.67,-4.01 18.13,-2.72 18.41,-1.37 18.5,0 18.41,1.37 18.13,2.72 17.67,4.01 17.05,5.24 16.28,6.38 15.36,7.42 14.32,8.35 13.18,9.14 11.95,9.8 10.65,10.32 9.3,10.7 7.91,10.92 6.86,10.98 6.12,11.14 5.1,11.31 4.08,11.45 3.06,11.56 2.04,11.64 1.02,11.68 0,11.7 -1.02,11.68 -2.04,11.64 -3.06,11.56 -4.08,11.45 -5.1,11.31 -6.12,11.14 -6.86,10.98 -7.91,10.92 -9.3,10.7 -10.65,10.32 -11.95,9.8 -13.18,9.14 -14.32,8.35 -15.36,7.42 -16.28,6.38 -17.05,5.24 -17.67,4.01 -18.13,2.72 -18.41,1.37 -18.5,0 -18.41,-1.37 -18.13,-2.72 -17.67,-4.01 -17.05,-5.24 -16.28,-6.38 -15.36,-7.42 -14.32,-8.35 -13.18,-9.14 -11.95,-9.8 -10.65,-10.32 -9.3,-10.7 -7.91,-10.92Z M-6.14,-5.02 -5.03,-5.24 -4.19,-5.38 -3.35,-5.49 -2.51,-5.58 -1.67,-5.65 -0.84,-5.69 0,-5.7 0.84,-5.69 1.67,-5.65 2.51,-5.58 3.35,-5.49 4.19,-5.38 5.03,-5.24 6.14,-5.02 7.26,-4.96 8.01,-4.84 8.73,-4.64 9.41,-4.36 10.04,-4.03 10.61,-3.63 11.11,-3.19 11.54,-2.7 11.89,-2.19 12.16,-1.66 12.35,-1.11 12.46,-0.56 12.5,0 12.46,0.56 12.35,1.11 12.16,1.66 11.89,2.19 11.54,2.7 11.11,3.19 10.61,3.63 10.04,4.03 9.41,4.36 8.73,4.64 8.01,4.84 7.26,4.96 6.14,5.02 5.03,5.24 4.19,5.38 3.35,5.49 2.51,5.58 1.67,5.65 0.84,5.69 0,5.7 -0.84,5.69 -1.67,5.65 -2.51,5.58 -3.35,5.49 -4.19,5.38 -5.03,5.24 -6.14,5.02 -7.26,4.96 -8.01,4.84 -8.73,4.64 -9.41,4.36 -10.04,4.03 -10.61,3.63 -11.11,3.19 -11.54,2.7 -11.89,2.19 -12.16,1.66 -12.35,1.11 -12.46,0.56 -12.5,0 -12.46,-0.56 -12.35,-1.11 -12.16,-1.66 -11.89,-2.19 -11.54,-2.7 -11.11,-3.19 -10.61,-3.63 -10.04,-4.03 -9.41,-4.36 -8.73,-4.64 -8.01,-4.84 -7.26,-4.96Z" fill-rule="evenodd" clip-path="url(#cpGate)"/></g>
  </symbol>
  <clipPath id="cpPartL"><polygon points="-30,-30 0,-30 0,-12 -1.4,-9.5 1.1,-7 -1.2,-4.6 .9,-2 -1.3,.4 1.2,2.8 -.9,5.2 1.3,7.6 -1,10 .4,12.5 0,30 -30,30"/></clipPath>
  <clipPath id="cpPartR"><polygon points="30,-30 0,-30 0,-12 -1.4,-9.5 1.1,-7 -1.2,-4.6 .9,-2 -1.3,.4 1.2,2.8 -.9,5.2 1.3,7.6 -1,10 .4,12.5 0,30 30,30"/></clipPath>
  <symbol id="lk-parted" overflow="visible">
    <g transform="translate(-4.2,.6) rotate(-4)"><g clip-path="url(#cpPartL)"><use href="#lk-flat"/></g>
      <path d="M0,-12 L-1.4,-9.5 L1.1,-7 L-1.2,-4.6 L.9,-2 L-1.3,.4 L1.2,2.8 L-.9,5.2 L1.3,7.6 L-1,10 L.4,12.5" fill="none" stroke="#c9c8c3" stroke-width=".9" opacity=".85" transform="translate(-.3,0)"/></g>
    <g transform="translate(4.2,-.8) rotate(3.5)"><g clip-path="url(#cpPartR)"><use href="#lk-flat"/></g>
      <path d="M0,-12 L-1.4,-9.5 L1.1,-7 L-1.2,-4.6 L.9,-2 L-1.3,.4 L1.2,2.8 L-.9,5.2 L1.3,7.6 L-1,10 L.4,12.5" fill="none" stroke="#5a5855" stroke-width=".9" opacity=".8" transform="translate(.35,0)"/></g>
  </symbol>
  <symbol id="sil-parted" overflow="visible">
    <g transform="translate(-4.2,.6) rotate(-4)" clip-path="url(#cpPartL)"><use href="#sil-flat"/></g>
    <g transform="translate(4.2,-.8) rotate(3.5)" clip-path="url(#cpPartR)"><use href="#sil-flat"/></g>
  </symbol>
  <symbol id="fx-shackle" overflow="visible">
    <!-- pad-eye: base plate welded to the deck, lug plate on edge -->
    <rect x="-11.5" y="-6.5" width="11" height="13" rx="1.2" fill="#879093"/>
    <rect x="-11.5" y="-6.5" width="11" height="13" rx="1.2" fill="none" stroke="#666f72" stroke-width="1.2" stroke-dasharray="1.4 .7"/>
    <rect x="-11.5" y="-6.5" width="11" height="13" rx="1.2" fill="none" stroke="#a3abad" stroke-width=".5" opacity=".6" transform="translate(-.5,-.5)"/>
    <rect x="-7.3" y="-5" width="2.6" height="10" fill="#2a2827"/>
    <rect x="-7.3" y="-5" width="1" height="10" fill="#6e6e6c"/>
    <!-- bow -->
    <path d="M3,-6 H-3 A6,6 0 0 0 -3,6 H3" fill="none" stroke="var(--i2)" stroke-width="5.2" stroke-linecap="butt"/>
    <path d="M3,-6 H-3 A6,6 0 0 0 -3,6 H3" fill="none" stroke="var(--i1)" stroke-width="2.4" transform="translate(1.1,1.1)" opacity=".9"/>
    <path d="M3,-6 H-3 A6,6 0 0 0 -3,6 H3" fill="none" stroke="var(--i3)" stroke-width="1.4" transform="translate(-.8,-.8)" opacity=".6"/>
    <path d="M3,-6 H-3 A6,6 0 0 0 -3,6 H3" fill="none" stroke="var(--i3)" stroke-width=".5" transform="translate(2,2)" opacity=".3"/>
    <!-- ears -->
    <circle cx="3.5" cy="-6" r="3.6" fill="var(--i2)"/><circle cx="3.5" cy="6" r="3.6" fill="var(--i2)"/>
    <circle cx="4.4" cy="-5.1" r="2.6" fill="var(--i1)" opacity=".75"/><circle cx="4.4" cy="6.9" r="2.6" fill="var(--i1)" opacity=".75"/>
    <circle cx="2.7" cy="-6.8" r="1.4" fill="var(--i3)" opacity=".5"/><circle cx="2.7" cy="5.2" r="1.4" fill="var(--i3)" opacity=".5"/>
    <!-- pin: through both ears, head above, nut and cotter below -->
    <rect x="2.2" y="-11.5" width="2.6" height="23" fill="#3b3b3b"/>
    <rect x="2.2" y="-11.5" width="1" height="23" fill="#7a7a7a" opacity=".7"/>
    <rect x="3.9" y="-11.5" width=".9" height="23" fill="#151515" opacity=".8"/>
    <path d="M1.2,-12.6 h4.6 l.6,1 -.6,1.4 h-4.6 l-.6,-1.4z" fill="#4a4a4a"/><path d="M1.2,-12.6 h4.6" stroke="#8a8a8a" stroke-width=".6"/>
    <path d="M1.2,10.2 h4.6 l.6,1.2 -.6,1.4 h-4.6 l-.6,-1.4z" fill="#3c3c3c"/><path d="M1.2,10.2 h4.6" stroke="#7a7a7a" stroke-width=".5"/>
    <path d="M3.5,12.8 v1.6 q0,1 1.3,1.1 q1.2,-.2 .8,-1.3" fill="none" stroke="#9a9a98" stroke-width=".7"/>
  </symbol>
  <symbol id="fx-shackle-over" overflow="visible">
    <circle cx="3.5" cy="6" r="3.6" fill="var(--i2)"/><circle cx="4.4" cy="6.9" r="2.6" fill="var(--i1)" opacity=".75"/>
    <circle cx="2.7" cy="5.2" r="1.4" fill="var(--i3)" opacity=".5"/>
    <path d="M1.2,10.2 h4.6 l.6,1.2 -.6,1.4 h-4.6 l-.6,-1.4z" fill="#3c3c3c"/><path d="M1.2,10.2 h4.6" stroke="#7a7a7a" stroke-width=".5"/>
    <path d="M3.5,12.8 v1.6 q0,1 1.3,1.1 q1.2,-.2 .8,-1.3" fill="none" stroke="#9a9a98" stroke-width=".7"/>
  </symbol>
  <symbol id="sil-shackle" overflow="visible">
    <path d="M3,-6 H-3 A6,6 0 0 0 -3,6 H3" fill="none" stroke="inherit" stroke-width="5.2"/>
    <circle cx="3.5" cy="-6" r="3.6"/><circle cx="3.5" cy="6" r="3.6"/><rect x="2.2" y="-12.6" width="2.6" height="26"/>
  </symbol>
  <symbol id="fx-hawse" overflow="visible">
    <ellipse rx="21" ry="14" fill="#7a8386"/>
    <ellipse rx="21" ry="14" fill="none" stroke="#66706f" stroke-width="1.2"/>
    <ellipse rx="19.5" ry="12.6" fill="#8f9799"/>
    <path d="M-19,-4 A19.5,12.6 0 0 1 -4,-12.4" fill="none" stroke="#aab1b3" stroke-width="1.8" stroke-linecap="round"/>
    <path d="M18,5 A19.5,12.6 0 0 1 2,12.4" fill="none" stroke="#4d5457" stroke-width="2" stroke-linecap="round"/>
    <path d="M-17,7 A19.5,12.6 0 0 0 -2,12.5" fill="none" stroke="#5d6568" stroke-width="1.2" stroke-linecap="round" opacity=".7"/>
    <ellipse rx="17" ry="10" fill="#2A2E30"/>
    <ellipse cx="1.2" cy="1" rx="14.5" ry="8.2" fill="#3A3F42"/>
    <ellipse cx="3.4" cy="2.6" rx="10.5" ry="5.6" fill="#454b4e" opacity=".7"/>
    <ellipse cx="4.8" cy="3.4" rx="6" ry="3" fill="#1f2224"/>
  </symbol>
  <symbol id="fx-hawse-inside" overflow="visible">
    <ellipse cx="1.2" cy="1" rx="14.5" ry="8.2" fill="#22262a" opacity=".55"/>
    <ellipse cx="2.6" cy="2.6" rx="11.5" ry="6" fill="#1b1e21" opacity=".75"/>
    <ellipse cx="4.8" cy="3.6" rx="7" ry="3.4" fill="#111315" opacity=".9"/>
  </symbol>
</defs>
